h0 + h+ -> 2h+ + e
  1.77756e-20  1.90510e-20  2.06419e-20  2.24163e-20  2.44683e-20  2.68267e-20
  2.95246e-20  3.25805e-20  3.60820e-20  4.00541e-20  4.45524e-20  4.96601e-20
  5.54103e-20  6.18958e-20  6.92027e-20  7.74279e-20  8.66804e-20  9.70832e-20
  1.08774e-19  1.21909e-19  1.62430e-19  1.11879e-15  5.80689e-14  1.81662e-13
  9.80896e-13  1.03146e-11  2.10150e-11  3.37141e-11  1.40000e-10  3.08910e-10
  4.57076e-10  6.88557e-10  1.14692e-09  2.08410e-09  3.08290e-09  4.10744e-09
  5.49035e-09  7.57584e-09  1.04521e-08  1.38034e-08  1.71306e-08  2.01763e-08
  2.31246e-08  2.70005e-08  3.37111e-08  3.74630e-08  2.91758e-08  2.76207e-08

  1.87357e-20  1.99446e-20  2.14535e-20  2.31606e-20  2.51515e-20  2.74539e-20
  3.01000e-20  3.31272e-20  3.65785e-20  4.04846e-20  4.49415e-20  4.99886e-20
  5.57195e-20  6.21714e-20  6.94483e-20  7.76467e-20  8.68755e-20  9.72571e-20
  1.08929e-19  1.22047e-19  1.74459e-19  1.20419e-15  5.82568e-14  1.81677e-13
  1.00384e-12  1.03154e-11  2.10134e-11  3.39069e-11  1.40124e-10  3.08867e-10
  4.57182e-10  6.88755e-10  1.14797e-09  2.08401e-09  3.08297e-09  4.10782e-09
  5.49089e-09  7.57631e-09  1.04524e-08  1.38035e-08  1.71306e-08  2.01766e-08
  2.31251e-08  2.70008e-08  3.37111e-08  3.74624e-08  2.91763e-08  2.76210e-08

  1.99662e-20  2.10218e-20  2.23782e-20  2.40713e-20  2.59867e-20  2.82205e-20
  3.08038e-20  3.37728e-20  3.71693e-20  4.10417e-20  4.54454e-20  5.04252e-20
  5.61089e-20  6.25183e-20  6.97574e-20  7.79223e-20  8.71211e-20  9.74759e-20
  1.09124e-19  1.22221e-19  1.94421e-19  1.31344e-15  5.84926e-14  1.81713e-13
  1.03259e-12  1.03165e-11  2.10113e-11  3.41503e-11  1.40279e-10  3.08814e-10
  4.57315e-10  6.89006e-10  1.14927e-09  2.08390e-09  3.08306e-09  4.10829e-09
  5.49158e-09  7.57691e-09  1.04526e-08  1.38036e-08  1.71307e-08  2.01769e-08
  2.31257e-08  2.70011e-08  3.37111e-08  3.74617e-08  2.91768e-08  2.76213e-08

  2.13626e-20  2.24025e-20  2.36641e-20  2.51870e-20  2.70084e-20  2.91575e-20
  3.16639e-20  3.45624e-20  3.78937e-20  4.17047e-20  4.60495e-20  5.09906e-20
  5.65990e-20  6.29552e-20  7.01467e-20  7.82691e-20  8.74302e-20  9.77514e-20
  1.09370e-19  1.22439e-19  2.28806e-19  1.45363e-15  5.87880e-14  1.81787e-13
  1.06859e-12  1.03181e-11  2.10088e-11  3.44579e-11  1.40476e-10  3.08748e-10
  4.57483e-10  6.89326e-10  1.15090e-09  2.08377e-09  3.08317e-09  4.10889e-09
  5.49243e-09  7.57767e-09  1.04530e-08  1.38037e-08  1.71308e-08  2.01773e-08
  2.31264e-08  2.70016e-08  3.37111e-08  3.74608e-08  2.91775e-08  2.76217e-08

  2.30139e-20  2.39692e-20  2.51360e-20  2.65516e-20  2.82603e-20  3.03039e-20
  3.27153e-20  3.55275e-20  3.87797e-20  4.25174e-20  4.67934e-20  5.16684e-20
  5.72123e-20  6.35051e-20  7.06369e-20  7.87059e-20  8.78194e-20  9.80983e-20
  1.09679e-19  1.22715e-19  2.90359e-19  1.63418e-15  5.91577e-14  1.81928e-13
  1.11358e-12  1.03203e-11  2.10058e-11  3.48466e-11  1.40725e-10  3.08665e-10
  4.57694e-10  6.89734e-10  1.15294e-09  2.08362e-09  3.08331e-09  4.10964e-09
  5.49352e-09  7.57862e-09  1.04534e-08  1.38038e-08  1.71310e-08  2.01778e-08
  2.31273e-08  2.70021e-08  3.37111e-08  3.74596e-08  2.91784e-08  2.76222e-08

  2.49537e-20  2.58220e-20  2.68939e-20  2.82031e-20  2.97913e-20  3.17085e-20
  3.40016e-20  3.67071e-20  3.98625e-20  4.35115e-20  4.77053e-20  5.25030e-20
  5.79729e-20  6.41933e-20  7.12539e-20  7.92559e-20  8.83095e-20  9.85350e-20
  1.10068e-19  1.23062e-19  4.04914e-19  1.86759e-15  5.96197e-14  1.82191e-13
  1.16974e-12  1.03236e-11  2.10022e-11  3.53380e-11  1.41040e-10  3.08561e-10
  4.57959e-10  6.90256e-10  1.15546e-09  2.08343e-09  3.08349e-09  4.11059e-09
  5.49488e-09  7.57981e-09  1.04540e-08  1.38039e-08  1.71312e-08  2.01785e-08
  2.31284e-08  2.70028e-08  3.37111e-08  3.74582e-08  2.91795e-08  2.76229e-08

  2.72177e-20  2.79985e-20  2.89727e-20  3.01754e-20  3.16444e-20  3.34264e-20
  3.55776e-20  3.81504e-20  4.11861e-20  4.47265e-20  4.88207e-20  5.35262e-20
  5.89094e-20  6.50467e-20  7.20261e-20  7.99482e-20  8.89266e-20  9.90848e-20
  1.10558e-19  1.23498e-19  6.26456e-19  2.17058e-15  6.01956e-14  1.82670e-13
  1.23966e-12  1.03285e-11  2.09982e-11  3.59598e-11  1.41440e-10  3.08432e-10
  4.58293e-10  6.90930e-10  1.15859e-09  2.08322e-09  3.08371e-09  4.11178e-09
  5.49659e-09  7.58132e-09  1.04547e-08  1.38041e-08  1.71314e-08  2.01793e-08
  2.31298e-08  2.70037e-08  3.37111e-08  3.74563e-08  2.91809e-08  2.76237e-08

  2.98402e-20  3.05388e-20  3.14148e-20  3.25080e-20  3.38574e-20  3.55056e-20
  3.75051e-20  3.99187e-20  4.28054e-20  4.62115e-20  5.01839e-20  5.47778e-20
  6.00574e-20  6.60974e-20  7.29836e-20  8.08146e-20  8.97034e-20  9.97773e-20
  1.11175e-19  1.24048e-19  1.07098e-18  2.56542e-15  6.09118e-14  1.83533e-13
  1.32650e-12  1.03355e-11  2.09941e-11  3.67464e-11  1.41947e-10  3.08272e-10
  4.58712e-10  6.91802e-10  1.16245e-09  2.08299e-09  3.08399e-09  4.11328e-09
  5.49874e-09  7.58321e-09  1.04556e-08  1.38043e-08  1.71317e-08  2.01803e-08
  2.31316e-08  2.70048e-08  3.37110e-08  3.74540e-08  2.91826e-08  2.76247e-08

  3.28571e-20  3.34812e-20  3.42651e-20  3.52480e-20  3.64745e-20  3.79886e-20
  3.98379e-20  4.20814e-20  4.47895e-20  4.80285e-20  5.18502e-20  5.63073e-20
  6.14616e-20  6.73855e-20  7.41625e-20  8.18890e-20  9.06754e-20  1.00649e-19
  1.11952e-19  1.24740e-19  1.99382e-18  3.08177e-15  6.17991e-14  1.85085e-13
  1.43399e-12  1.03460e-11  2.09908e-11  3.77415e-11  1.42589e-10  3.08074e-10
  4.59239e-10  6.92938e-10  1.16719e-09  2.08276e-09  3.08433e-09  4.11516e-09
  5.50145e-09  7.58559e-09  1.04568e-08  1.38046e-08  1.71320e-08  2.01817e-08
  2.31338e-08  2.70063e-08  3.37110e-08  3.74511e-08  2.91848e-08  2.76260e-08

  3.63095e-20  3.68662e-20  3.75666e-20  3.84461e-20  3.95489e-20  4.09251e-20
  4.26239e-20  4.46989e-20  4.72161e-20  5.02547e-20  5.38888e-20  5.81769e-20
  6.31778e-20  6.89611e-20  7.56078e-20  8.32117e-20  9.18809e-20  1.01740e-19
  1.12930e-19  1.25612e-19  3.96753e-18  3.75879e-15  6.28935e-14  1.87868e-13
  1.56652e-12  1.03614e-11  2.09902e-11  3.89992e-11  1.43404e-10  3.07831e-10
  4.59900e-10  6.94431e-10  1.17298e-09  2.08254e-09  3.08477e-09  4.11753e-09
  5.50485e-09  7.58858e-09  1.04582e-08  1.38050e-08  1.71325e-08  2.01834e-08
  2.31365e-08  2.70081e-08  3.37110e-08  3.74474e-08  2.91876e-08  2.76276e-08

  4.02437e-20  4.07399e-20  4.13646e-20  4.21504e-20  4.31372e-20  4.43746e-20
  4.59187e-20  4.78248e-20  5.01529e-20  5.29773e-20  5.63867e-20  6.04643e-20
  6.52755e-20  7.08867e-20  7.73756e-20  8.48333e-20  9.33651e-20  1.03092e-19
  1.14154e-19  1.26709e-19  8.29118e-18  4.64755e-15  6.42356e-14  1.92856e-13
  1.72911e-12  1.03841e-11  2.09965e-11  4.05856e-11  1.44436e-10  3.07535e-10
  4.60730e-10  6.96411e-10  1.18002e-09  2.08240e-09  3.08531e-09  4.12050e-09
  5.50914e-09  7.59235e-09  1.04600e-08  1.38054e-08  1.71331e-08  2.01856e-08
  2.31400e-08  2.70103e-08  3.37109e-08  3.74428e-08  2.91911e-08  2.76296e-08

  4.47119e-20  4.51542e-20  4.57109e-20  4.64118e-20  4.72935e-20  4.84007e-20
  4.97891e-20  5.15216e-20  5.36604e-20  5.62725e-20  5.94415e-20  6.32669e-20
  6.78420e-20  7.32404e-20  7.95362e-20  8.68169e-20  9.51846e-20  1.04757e-19
  1.15671e-19  1.28101e-19  1.79204e-17  5.81333e-15  6.58696e-14  2.01769e-13
  1.92740e-12  1.04174e-11  2.10188e-11  4.25804e-11  1.45740e-10  3.07180e-10
  4.61771e-10  6.99059e-10  1.18851e-09  2.08240e-09  3.08599e-09  4.12425e-09
  5.51452e-09  7.59708e-09  1.04622e-08  1.38060e-08  1.71338e-08  2.01884e-08
  2.31442e-08  2.70132e-08  3.37108e-08  3.74370e-08  2.91954e-08  2.76322e-08

  4.97735e-20  5.01676e-20  5.06638e-20  5.12885e-20  5.20750e-20  5.30642e-20
  5.43065e-20  5.58643e-20  5.78082e-20  6.02079e-20  6.31388e-20  6.66945e-20
  7.09866e-20  7.61200e-20  8.21770e-20  8.92411e-20  9.74102e-20  1.06799e-19
  1.17540e-19  1.30015e-19  3.95243e-17  7.33722e-15  6.78429e-14  2.17606e-13
  2.16746e-12  1.04657e-11  2.10750e-11  4.50760e-11  1.47381e-10  3.06762e-10
  4.63077e-10  7.02631e-10  1.19867e-09  2.08268e-09  3.08683e-09  4.12895e-09
  5.52128e-09  7.60303e-09  1.04651e-08  1.38068e-08  1.71347e-08  2.01919e-08
  2.31496e-08  2.70169e-08  3.37107e-08  3.74296e-08  2.92009e-08  2.76354e-08

  5.54955e-20  5.58467e-20  5.62890e-20  5.68457e-20  5.75467e-20  5.84291e-20
  5.95390e-20  6.09329e-20  6.26807e-20  6.48619e-20  6.75544e-20  7.08429e-20
  7.48324e-20  7.96483e-20  8.54081e-20  9.22041e-20  1.00130e-19  1.09296e-19
  1.19830e-19  1.33926e-19  8.78319e-17  9.31615e-15  7.02091e-14  2.45437e-13
  2.45556e-12  1.05348e-11  2.12003e-11  4.81760e-11  1.49430e-10  3.06286e-10
  4.64713e-10  7.07479e-10  1.21075e-09  2.08345e-09  3.08788e-09  4.13485e-09
  5.52976e-09  7.61050e-09  1.04687e-08  1.38077e-08  1.71359e-08  2.01965e-08
  2.31561e-08  2.70216e-08  3.37106e-08  3.74204e-08  2.92078e-08  2.76395e-08

  6.19538e-20  6.22669e-20  6.26611e-20  6.31573e-20  6.37820e-20  6.45684e-20
  6.55585e-20  6.68038e-20  6.83678e-20  7.03289e-20  7.27763e-20  7.57973e-20
  7.94871e-20  8.39634e-20  8.93668e-20  9.58294e-20  1.03455e-19  1.12348e-19
  1.22632e-19  1.51694e-19  1.94194e-16  1.18599e-14  7.30543e-14  2.93504e-13
  2.79771e-12  1.06322e-11  2.14603e-11  5.19895e-11  1.51967e-10  3.05772e-10
  4.66769e-10  7.14081e-10  1.22498e-09  2.08500e-09  3.08921e-09  4.14226e-09
  5.54041e-09  7.61988e-09  1.04732e-08  1.38090e-08  1.71375e-08  2.02022e-08
  2.31642e-08  2.70277e-08  3.37104e-08  3.74089e-08  2.92165e-08  2.76446e-08

  6.92343e-20  6.95134e-20  6.98646e-20  7.03069e-20  7.08636e-20  7.15645e-20
  7.24470e-20  7.35578e-20  7.49551e-20  7.67100e-20  7.89104e-20  8.16563e-20
  8.50459e-20  8.91859e-20  9.42085e-20  1.00271e-19  1.07522e-19  1.16078e-19
  1.26056e-19  2.73949e-19  4.21790e-16  1.50838e-14  7.66166e-14  3.74467e-13
  3.19914e-12  1.07667e-11  2.19707e-11  5.66233e-11  1.55067e-10  3.05268e-10
  4.69370e-10  7.23053e-10  1.24161e-09  2.08773e-09  3.09088e-09  4.15155e-09
  5.55376e-09  7.63165e-09  1.04790e-08  1.38105e-08  1.71395e-08  2.02095e-08
  2.31742e-08  2.70354e-08  3.37102e-08  3.73943e-08  2.92273e-08  2.76510e-08

  7.74335e-20  7.76822e-20  7.79953e-20  7.83894e-20  7.88856e-20  7.95103e-20
  8.02967e-20  8.12868e-20  8.25332e-20  8.41010e-20  8.60700e-20  8.85389e-20
  9.16199e-20  9.54231e-20  1.00068e-19  1.05704e-19  1.12506e-19  1.20642e-19
  1.30242e-19  1.12517e-18  8.88771e-16  1.90976e-14  8.17313e-14  5.06389e-13
  3.66368e-12  1.09502e-11  2.29208e-11  6.21707e-11  1.58806e-10  3.04875e-10
  4.72719e-10  7.35150e-10  1.26089e-09  2.09218e-09  3.09305e-09  4.16317e-09
  5.57047e-09  7.64639e-09  1.04862e-08  1.38125e-08  1.71422e-08  2.02187e-08
  2.31864e-08  2.70453e-08  3.37098e-08  3.73761e-08  2.92409e-08  2.76591e-08

  8.66602e-20  8.68818e-20  8.71609e-20  8.75121e-20  8.79544e-20  8.85111e-20
  8.92120e-20  9.00944e-20  9.12053e-20  9.26038e-20  9.43629e-20  9.65721e-20
  9.93423e-20  1.02799e-19  1.07067e-19  1.12278e-19  1.18601e-19  1.26234e-19
  1.35403e-19  6.41799e-18  1.79553e-15  2.39901e-14  9.12250e-14  7.12649e-13
  4.19330e-12  1.12045e-11  2.45925e-11  6.87004e-11  1.63255e-10  3.04778e-10
  4.77177e-10  7.51226e-10  1.28310e-09  2.09897e-09  3.09593e-09  4.17769e-09
  5.59137e-09  7.66486e-09  1.04954e-08  1.38151e-08  1.71458e-08  2.02301e-08
  2.32014e-08  2.70582e-08  3.37093e-08  3.73531e-08  2.92578e-08  2.76693e-08

  9.70368e-20  9.72343e-20  9.74830e-20  9.77961e-20  9.81902e-20  9.86864e-20
  9.93111e-20  1.00098e-19  1.01088e-19  1.02334e-19  1.03903e-19  1.05877e-19
  1.08356e-19  1.11464e-19  1.15343e-19  1.20131e-19  1.25978e-19  1.33073e-19
  1.44071e-19  3.44714e-17  3.44218e-15  2.98256e-14  1.13421e-13  1.01986e-12
  4.78805e-12  1.15880e-11  2.73584e-11  7.62479e-11  1.68497e-10  3.05287e-10
  4.83403e-10  7.72160e-10  1.30856e-09  2.10882e-09  3.09994e-09  4.19579e-09
  5.61744e-09  7.68794e-09  1.05070e-08  1.38185e-08  1.71508e-08  2.02441e-08
  2.32197e-08  2.70750e-08  3.37085e-08  3.73244e-08  2.92790e-08  2.76822e-08

  1.08701e-19  1.08877e-19  1.09099e-19  1.09378e-19  1.09729e-19  1.10171e-19
  1.10728e-19  1.11429e-19  1.12311e-19  1.13422e-19  1.14821e-19  1.16581e-19
  1.18796e-19  1.21577e-19  1.25065e-19  1.29417e-19  1.34789e-19  1.41350e-19
  2.33469e-19  1.57584e-16  6.21245e-15  3.67766e-14  1.68728e-13  1.45333e-12
  5.44708e-12  1.22637e-11  3.16419e-11  8.48166e-11  1.74642e-10  3.06889e-10
  4.92526e-10  7.98753e-10  1.33765e-09  2.12247e-09  3.10581e-09  4.21829e-09
  5.64992e-09  7.71674e-09  1.05217e-08  1.38230e-08  1.71577e-08  2.02614e-08
  2.32423e-08  2.70967e-08  3.37075e-08  3.72883e-08  2.93053e-08  2.76983e-08

  1.21808e-19  1.21965e-19  1.22162e-19  1.22411e-19  1.22724e-19  1.23118e-19
  1.23614e-19  1.24239e-19  1.25025e-19  1.26015e-19  1.27262e-19  1.28831e-19
  1.30806e-19  1.33291e-19  1.36412e-19  1.40325e-19  1.45208e-19  1.51260e-19
  1.98749e-18  5.96166e-16  1.05047e-14  4.63341e-14  2.97344e-13  2.03107e-12
  6.17546e-12  1.36178e-11  3.78340e-11  9.43921e-11  1.81856e-10  3.10342e-10
  5.06223e-10  8.31634e-10  1.37091e-09  2.14080e-09  3.11485e-09  4.24613e-09
  5.69026e-09  7.75262e-09  1.05405e-08  1.38291e-08  1.71672e-08  2.02825e-08
  2.32700e-08  2.71247e-08  3.37062e-08  3.72430e-08  2.93379e-08  2.77186e-08

  1.36531e-19  1.36670e-19  1.36846e-19  1.37068e-19  1.37347e-19  1.37698e-19
  1.38141e-19  1.38697e-19  1.39398e-19  1.40281e-19  1.41392e-19  1.42790e-19
  1.44551e-19  1.46767e-19  1.49555e-19  1.53056e-19  1.57447e-19  1.69750e-19
  2.47882e-17  1.85189e-15  1.66401e-14  6.77047e-14  5.60386e-13  2.75895e-12
  7.02780e-12  1.63600e-11  4.61940e-11  1.04974e-10  1.90390e-10  3.16946e-10
  5.26556e-10  8.71239e-10  1.40907e-09  2.16485e-09  3.12911e-09  4.28045e-09
  5.74017e-09  7.79719e-09  1.05643e-08  1.38377e-08  1.71798e-08  2.03081e-08
  2.33041e-08  2.71606e-08  3.37045e-08  3.71864e-08  2.93783e-08  2.77442e-08

  1.53065e-19  1.53190e-19  1.53347e-19  1.53544e-19  1.53793e-19  1.54106e-19
  1.54500e-19  1.54996e-19  1.55621e-19  1.56407e-19  1.57397e-19  1.58644e-19
  1.60213e-19  1.62189e-19  1.64675e-19  1.67804e-19  1.71748e-19  7.65507e-19
  2.06535e-16  4.74373e-15  2.53229e-14  1.36913e-13  1.02527e-12  3.63239e-12
  8.28872e-12  2.14455e-11  5.67838e-11  1.16629e-10  2.00675e-10  3.29084e-10
  5.55562e-10  9.17888e-10  1.45316e-09  2.19606e-09  3.15147e-09  4.32259e-09
  5.80166e-09  7.85240e-09  1.05947e-08  1.38503e-08  1.71962e-08  2.03391e-08
  2.33463e-08  2.72063e-08  3.37025e-08  3.71156e-08  2.94281e-08  2.77764e-08

  1.71631e-19  1.71742e-19  1.71882e-19  1.72058e-19  1.72279e-19  1.72559e-19
  1.72910e-19  1.73352e-19  1.73909e-19  1.74610e-19  1.75492e-19  1.76603e-19
  1.78001e-19  1.79762e-19  1.81979e-19  1.84769e-19  2.04632e-19  1.96127e-17
  1.10951e-15  1.01928e-14  4.46205e-14  3.41952e-13  1.73875e-12  4.68472e-12
  1.08443e-11  2.97327e-11  6.94961e-11  1.29565e-10  2.13804e-10  3.50516e-10
  5.94923e-10  9.71972e-10  1.50466e-09  2.23636e-09  3.18521e-09  4.37435e-09
  5.87697e-09  7.92056e-09  1.06340e-08  1.38684e-08  1.72170e-08  2.03768e-08
  2.33987e-08  2.72641e-08  3.37007e-08  3.70273e-08  2.94890e-08  2.78170e-08

  1.92474e-19  1.92573e-19  1.92698e-19  1.92855e-19  1.93052e-19  1.93301e-19
  1.93614e-19  1.94008e-19  1.94504e-19  1.95129e-19  1.95915e-19  1.96905e-19
  1.98152e-19  1.99721e-19  2.01696e-19  2.05466e-19  2.82148e-18  2.72229e-16
  4.03455e-15  2.03255e-14  1.25692e-13  8.11864e-13  2.71598e-12  6.31577e-12
  1.63239e-11  4.16098e-11  8.42086e-11  1.44353e-10  2.32916e-10  3.85442e-10
  6.45968e-10  1.03423e-09  1.56561e-09  2.28838e-09  3.23375e-09  4.43860e-09
  5.96850e-09  8.00450e-09  1.06856e-08  1.38941e-08  1.72430e-08  2.04227e-08
  2.34637e-08  2.73370e-08  3.36993e-08  3.69173e-08  2.95630e-08  2.78680e-08

  2.15871e-19  2.15959e-19  2.16070e-19  2.16210e-19  2.16386e-19  2.16608e-19
  2.16887e-19  2.17238e-19  2.17681e-19  2.18237e-19  2.18938e-19  2.19821e-19
  2.20931e-19  2.22330e-19  2.24697e-19  1.11268e-18  9.98601e-17  1.84898e-15
  1.11491e-14  6.15567e-14  4.20629e-13  1.64694e-12  4.11853e-12  1.01091e-11
  2.63492e-11  5.69366e-11  1.01088e-10  1.63199e-10  2.64136e-10  4.36702e-10
  7.09789e-10  1.10602e-09  1.63883e-09  2.35565e-09  3.30094e-09  4.52018e-09
  6.07873e-09  8.10813e-09  1.07538e-08  1.39293e-08  1.72754e-08  2.04791e-08
  2.35448e-08  2.74283e-08  3.36986e-08  3.67811e-08  2.96523e-08  2.79323e-08

  2.42133e-19  2.42211e-19  2.42310e-19  2.42435e-19  2.42592e-19  2.42789e-19
  2.43038e-19  2.43351e-19  2.43745e-19  2.44242e-19  2.44866e-19  2.45653e-19
  2.46643e-19  2.50124e-19  1.31308e-18  7.44757e-17  1.21524e-15  7.66475e-15
  4.33092e-14  2.81247e-13  1.14068e-12  3.00216e-12  7.32270e-12  1.88259e-11
  4.14907e-11  7.53415e-11  1.21812e-10  1.92914e-10  3.13871e-10  5.05344e-10
  7.87788e-10  1.18983e-09  1.72818e-09  2.44290e-09  3.39181e-09  4.62593e-09
  6.21064e-09  8.23678e-09  1.08429e-08  1.39767e-08  1.73164e-08  2.05488e-08
  2.36459e-08  2.75421e-08  3.36981e-08  3.66136e-08  2.97588e-08  2.80132e-08

  2.71607e-19  2.71677e-19  2.71766e-19  2.71877e-19  2.72017e-19  2.72193e-19
  2.72414e-19  2.72693e-19  2.73045e-19  2.73487e-19  2.74044e-19  2.74832e-19
  3.17182e-19  4.53498e-18  1.24378e-16  1.32570e-15  7.85412e-15  4.80182e-14
  2.70091e-13  9.89996e-13  2.59937e-12  6.45518e-12  1.59891e-11  3.42503e-11
  6.14764e-11  9.82759e-11  1.53913e-10  2.43666e-10  3.85056e-10  5.91563e-10
  8.83029e-10  1.29022e-09  1.83872e-09  2.55631e-09  3.51297e-09  4.76357e-09
  6.36929e-09  8.39577e-09  1.09575e-08  1.40400e-08  1.73693e-08  2.06354e-08
  2.37721e-08  2.76834e-08  3.36969e-08  3.64102e-08  2.98841e-08  2.81153e-08

  3.04686e-19  3.04748e-19  3.04827e-19  3.04926e-19  3.05051e-19  3.05208e-19
  3.05405e-19  3.05654e-19  3.05967e-19  3.06663e-19  3.41878e-19  2.00842e-18
  3.76004e-17  4.07306e-16  2.75661e-15  1.65197e-14  9.22618e-14  3.85187e-13
  1.16696e-12  2.98265e-12  7.37733e-12  1.68702e-11  3.32105e-11  5.66198e-11
  8.86685e-11  1.36504e-10  2.10547e-10  3.21182e-10  4.78287e-10  6.97366e-10
  1.00028e-09  1.41497e-09  1.97689e-09  2.70413e-09  3.67358e-09  4.94240e-09
  6.56251e-09  8.58883e-09  1.11025e-08  1.41256e-08  1.74389e-08  2.07441e-08
  2.39291e-08  2.78577e-08  3.36938e-08  3.61658e-08  3.00294e-08  2.82439e-08

  3.41808e-19  3.41863e-19  3.41933e-19  3.42022e-19  3.42133e-19  3.42301e-19
  3.43601e-19  3.72556e-19  9.10349e-19  7.94099e-18  7.31256e-17  5.30261e-16
  3.23470e-15  1.73670e-14  7.82621e-14  2.82216e-13  8.31881e-13  2.15421e-12
  5.17874e-12  1.14157e-11  2.22854e-11  3.86325e-11  6.14140e-11  9.31951e-11
  1.39853e-10  2.06859e-10  2.99119e-10  4.26172e-10  5.94932e-10  8.30210e-10
  1.14550e-09  1.57581e-09  2.15229e-09  2.89939e-09  3.88705e-09  5.17107e-09
  6.79901e-09  8.81844e-09  1.12852e-08  1.42424e-08  1.75328e-08  2.08813e-08
  2.41241e-08  2.80709e-08  3.36864e-08  3.58754e-08  3.01957e-08  2.84060e-08

  3.88034e-19  4.09152e-19  5.19167e-19  1.10175e-18  4.10171e-18  1.90432e-17
  9.01784e-17  4.08770e-16  1.73380e-15  6.78822e-15  2.42603e-14  7.84834e-14
  2.29232e-13  6.07468e-13  1.47450e-12  3.30232e-12  6.82701e-12  1.29773e-11
  2.26848e-11  3.68600e-11  5.66712e-11  8.37197e-11  1.20320e-10  1.69612e-10
  2.33580e-10  3.14654e-10  4.20941e-10  5.60353e-10  7.45397e-10  9.98748e-10
  1.33403e-09  1.79055e-09  2.38392e-09  3.15998e-09  4.16587e-09  5.45657e-09
  7.08586e-09  9.08933e-09  1.15151e-08  1.44020e-08  1.76631e-08  2.10548e-08
  2.43651e-08  2.83290e-08  3.36711e-08  3.55348e-08  3.03843e-08  2.86102e-08

  1.57086e-14  2.34844e-14  3.65708e-14  5.91047e-14  9.86192e-14  1.68765e-13
  2.93962e-13  5.16976e-13  9.10496e-13  1.59342e-12  2.75131e-12  4.65826e-12
  7.69408e-12  1.23489e-11  1.92091e-11  2.89289e-11  4.22006e-11  5.97402e-11
  8.22768e-11  1.10540e-10  1.45289e-10  1.87400e-10  2.37877e-10  2.98065e-10
  3.71271e-10  4.64495e-10  5.85020e-10  7.40138e-10  9.48243e-10  1.22960e-09
  1.59720e-09  2.07956e-09  2.69403e-09  3.49929e-09  4.51839e-09  5.80748e-09
  7.43393e-09  9.41478e-09  1.18026e-08  1.46225e-08  1.78461e-08  2.12742e-08
  2.46612e-08  2.86367e-08  3.36420e-08  3.51428e-08  3.05950e-08  2.88676e-08

  2.82089e-11  2.97197e-11  3.16108e-11  3.39741e-11  3.69210e-11  4.05853e-11
  4.51253e-11  5.07249e-11  5.75924e-11  6.59578e-11  7.60662e-11  8.81687e-11
  1.02512e-10  1.19326e-10  1.38820e-10  1.61179e-10  1.86579e-10  2.15221e-10
  2.47389e-10  2.83556e-10  3.24534e-10  3.71696e-10  4.27274e-10  4.94719e-10
  5.78967e-10  6.86219e-10  8.24249e-10  1.00592e-09  1.24829e-09  1.56020e-09
  1.95368e-09  2.46075e-09  3.10417e-09  3.92901e-09  4.95419e-09  6.23691e-09
  7.85445e-09  9.81196e-09  1.21640e-08  1.49246e-08  1.81011e-08  2.15536e-08
  2.50215e-08  2.89962e-08  3.35910e-08  3.47039e-08  3.08274e-08  2.91934e-08

  4.62568e-10  4.62887e-10  4.63303e-10  4.63848e-10  4.64567e-10  4.65517e-10
  4.66775e-10  4.68440e-10  4.70636e-10  4.73515e-10  4.77262e-10  4.82088e-10
  4.88235e-10  4.95981e-10  5.05656e-10  5.17655e-10  5.32458e-10  5.50669e-10
  5.73090e-10  6.00843e-10  6.35527e-10  6.79396e-10  7.35576e-10  8.08301e-10
  9.03119e-10  1.02709e-09  1.18906e-09  1.39951e-09  1.66881e-09  2.00591e-09
  2.42916e-09  2.96821e-09  3.63565e-09  4.46432e-09  5.48818e-09  6.76618e-09
  8.36881e-09  1.03039e-08  1.26220e-08  1.53309e-08  1.84570e-08  2.19126e-08
  2.54523e-08  2.94051e-08  3.35084e-08  3.42303e-08  3.10803e-08  2.96038e-08

  1.01567e-09  1.01543e-09  1.01514e-09  1.01478e-09  1.01433e-09  1.01377e-09
  1.01308e-09  1.01223e-09  1.01122e-09  1.01003e-09  1.00868e-09  1.00724e-09
  1.00585e-09  1.00481e-09  1.00456e-09  1.00583e-09  1.00959e-09  1.01711e-09
  1.02998e-09  1.05039e-09  1.08126e-09  1.12619e-09  1.18917e-09  1.27465e-09
  1.38793e-09  1.53537e-09  1.72416e-09  1.96237e-09  2.25867e-09  2.62306e-09
  3.07305e-09  3.62895e-09  4.30241e-09  5.12537e-09  6.14865e-09  7.42658e-09
  9.01062e-09  1.09270e-08  1.32138e-08  1.58715e-08  1.89451e-08  2.23682e-08
  2.59560e-08  2.98551e-08  3.33844e-08  3.37443e-08  3.13544e-08  3.01148e-08

  1.45132e-09  1.45202e-09  1.45291e-09  1.45402e-09  1.45543e-09  1.45718e-09
  1.45939e-09  1.46216e-09  1.46564e-09  1.46998e-09  1.47542e-09  1.48220e-09
  1.49065e-09  1.50114e-09  1.51416e-09  1.53032e-09  1.55038e-09  1.57543e-09
  1.60694e-09  1.64707e-09  1.69865e-09  1.76484e-09  1.84902e-09  1.95551e-09
  2.09054e-09  2.26156e-09  2.47548e-09  2.73841e-09  3.05707e-09  3.44144e-09
  3.90581e-09  4.46619e-09  5.14000e-09  5.96133e-09  6.98885e-09  8.26009e-09
  9.82353e-09  1.17159e-08  1.39645e-08  1.65757e-08  1.95872e-08  2.29404e-08
  2.65378e-08  3.03328e-08  3.32137e-08  3.32800e-08  3.16565e-08  3.07374e-08

  2.26671e-09  2.26785e-09  2.26928e-09  2.27108e-09  2.27334e-09  2.27619e-09
  2.27977e-09  2.28426e-09  2.28991e-09  2.29701e-09  2.30590e-09  2.31705e-09
  2.33101e-09  2.34846e-09  2.37021e-09  2.39727e-09  2.43082e-09  2.47223e-09
  2.52309e-09  2.58521e-09  2.66066e-09  2.75174e-09  2.86154e-09  2.99424e-09
  3.15391e-09  3.34439e-09  3.56932e-09  3.83534e-09  4.15323e-09  4.53501e-09
  4.99454e-09  5.54761e-09  6.21610e-09  7.03537e-09  8.05751e-09  9.31603e-09
  1.08588e-08  1.27175e-08  1.49214e-08  1.74886e-08  2.04103e-08  2.36612e-08
  2.72100e-08  3.08153e-08  3.29981e-08  3.28823e-08  3.20011e-08  3.14627e-08

  3.85110e-09  3.85218e-09  3.85353e-09  3.85523e-09  3.85737e-09  3.86006e-09
  3.86345e-09  3.86770e-09  3.87303e-09  3.87973e-09  3.88812e-09  3.89864e-09
  3.91179e-09  3.92821e-09  3.94869e-09  3.97416e-09  4.00575e-09  4.04480e-09
  4.09288e-09  4.15179e-09  4.22356e-09  4.31043e-09  4.41493e-09  4.53965e-09
  4.68734e-09  4.86263e-09  5.07164e-09  5.32005e-09  5.61610e-09  5.96874e-09
  6.39522e-09  6.91861e-09  7.56752e-09  8.37804e-09  9.39139e-09  1.06421e-08
  1.21598e-08  1.39797e-08  1.61268e-08  1.86277e-08  2.14366e-08  2.45432e-08
  2.79720e-08  3.12623e-08  3.27569e-08  3.26071e-08  3.24116e-08  3.22473e-08

  6.24946e-09  6.24995e-09  6.25057e-09  6.25136e-09  6.25235e-09  6.25359e-09
  6.25516e-09  6.25713e-09  6.25962e-09  6.26276e-09  6.26671e-09  6.27169e-09
  6.27797e-09  6.28589e-09  6.29589e-09  6.30850e-09  6.32443e-09  6.34454e-09
  6.36994e-09  6.40199e-09  6.44245e-09  6.49345e-09  6.55764e-09  6.63824e-09
  6.73929e-09  6.86582e-09  7.02317e-09  7.21934e-09  7.46781e-09  7.78050e-09
  8.17478e-09  8.67199e-09  9.29982e-09  1.00922e-08  1.10831e-08  1.23083e-08
  1.37866e-08  1.55489e-08  1.76170e-08  2.00204e-08  2.26923e-08  2.56068e-08
  2.88381e-08  3.16503e-08  3.25474e-08  3.25205e-08  3.29143e-08  3.29908e-08

  8.97850e-09  8.97857e-09  8.97865e-09  8.97876e-09  8.97890e-09  8.97907e-09
  8.97930e-09  8.97959e-09  8.97996e-09  8.98044e-09  8.98107e-09  8.98189e-09
  8.98298e-09  8.98443e-09  8.98638e-09  8.98904e-09  8.99268e-09  8.99774e-09
  9.00481e-09  9.01478e-09  9.02889e-09  9.04893e-09  9.07743e-09  9.11783e-09
  9.17482e-09  9.25457e-09  9.36516e-09  9.51726e-09  9.72283e-09  9.99706e-09
  1.03645e-08  1.08460e-08  1.14655e-08  1.22470e-08  1.32194e-08  1.44120e-08
  1.58298e-08  1.74957e-08  1.94479e-08  2.16955e-08  2.41801e-08  2.68847e-08
  2.97975e-08  3.19787e-08  3.24702e-08  3.26984e-08  3.35223e-08  3.35200e-08

  1.15832e-08  1.15834e-08  1.15836e-08  1.15839e-08  1.15843e-08  1.15848e-08
  1.15855e-08  1.15863e-08  1.15873e-08  1.15885e-08  1.15901e-08  1.15922e-08
  1.15947e-08  1.15980e-08  1.16021e-08  1.16074e-08  1.16142e-08  1.16229e-08
  1.16342e-08  1.16488e-08  1.16680e-08  1.16934e-08  1.17272e-08  1.17725e-08
  1.18339e-08  1.19173e-08  1.20310e-08  1.21857e-08  1.23947e-08  1.26749e-08
  1.30437e-08  1.35209e-08  1.41352e-08  1.49050e-08  1.58477e-08  1.69748e-08
  1.83014e-08  1.98512e-08  2.16436e-08  2.36803e-08  2.59295e-08  2.83906e-08
  3.08202e-08  3.22976e-08  3.26438e-08  3.31817e-08  3.41689e-08  3.35924e-08

  1.43516e-08  1.43522e-08  1.43528e-08  1.43537e-08  1.43548e-08  1.43562e-08
  1.43579e-08  1.43601e-08  1.43629e-08  1.43664e-08  1.43707e-08  1.43762e-08
  1.43831e-08  1.43918e-08  1.44027e-08  1.44165e-08  1.44337e-08  1.44554e-08
  1.44826e-08  1.45167e-08  1.45595e-08  1.46131e-08  1.46803e-08  1.47644e-08
  1.48697e-08  1.50015e-08  1.51668e-08  1.53740e-08  1.56338e-08  1.59587e-08
  1.63629e-08  1.68615e-08  1.74669e-08  1.81920e-08  1.90584e-08  2.00764e-08
  2.12617e-08  2.26238e-08  2.41940e-08  2.59817e-08  2.79661e-08  3.01112e-08
  3.19041e-08  3.27370e-08  3.31958e-08  3.39654e-08  3.46564e-08  3.29946e-08

  1.81771e-08  1.81779e-08  1.81789e-08  1.81801e-08  1.81816e-08  1.81836e-08
  1.81860e-08  1.81891e-08  1.81930e-08  1.81978e-08  1.82039e-08  1.82116e-08
  1.82213e-08  1.82335e-08  1.82487e-08  1.82679e-08  1.82919e-08  1.83220e-08
  1.83597e-08  1.84068e-08  1.84655e-08  1.85385e-08  1.86290e-08  1.87409e-08
  1.88784e-08  1.90466e-08  1.92508e-08  1.94971e-08  1.97916e-08  2.01411e-08
  2.05522e-08  2.10322e-08  2.15890e-08  2.22294e-08  2.29574e-08  2.37894e-08
  2.47516e-08  2.58693e-08  2.71632e-08  2.86351e-08  3.03142e-08  3.19795e-08
  3.30383e-08  3.35080e-08  3.41756e-08  3.48841e-08  3.46165e-08  3.17364e-08

  2.38956e-08  2.38963e-08  2.38971e-08  2.38982e-08  2.38995e-08  2.39011e-08
  2.39032e-08  2.39058e-08  2.39091e-08  2.39133e-08  2.39185e-08  2.39250e-08
  2.39332e-08  2.39436e-08  2.39565e-08  2.39727e-08  2.39931e-08  2.40185e-08
  2.40503e-08  2.40899e-08  2.41391e-08  2.42001e-08  2.42754e-08  2.43679e-08
  2.44809e-08  2.46179e-08  2.47826e-08  2.49786e-08  2.52093e-08  2.54775e-08
  2.57854e-08  2.61353e-08  2.65304e-08  2.69781e-08  2.74919e-08  2.80878e-08
  2.87826e-08  2.96108e-08  3.05882e-08  3.17376e-08  3.29817e-08  3.39283e-08
  3.43598e-08  3.47620e-08  3.54080e-08  3.54876e-08  3.37078e-08  3.01026e-08

  3.13495e-08  3.13497e-08  3.13498e-08  3.13501e-08  3.13503e-08  3.13507e-08
  3.13511e-08  3.13517e-08  3.13524e-08  3.13532e-08  3.13543e-08  3.13557e-08
  3.13574e-08  3.13596e-08  3.13623e-08  3.13657e-08  3.13700e-08  3.13753e-08
  3.13820e-08  3.13904e-08  3.14009e-08  3.14139e-08  3.14301e-08  3.14501e-08
  3.14749e-08  3.15054e-08  3.15430e-08  3.15890e-08  3.16455e-08  3.17148e-08
  3.18002e-08  3.19067e-08  3.20419e-08  3.22174e-08  3.24513e-08  3.27720e-08
  3.32090e-08  3.37722e-08  3.44548e-08  3.52121e-08  3.58116e-08  3.60212e-08
  3.61043e-08  3.63836e-08  3.63813e-08  3.50940e-08  3.20476e-08  2.84372e-08

  3.85233e-08  3.85229e-08  3.85224e-08  3.85218e-08  3.85211e-08  3.85201e-08
  3.85189e-08  3.85174e-08  3.85155e-08  3.85131e-08  3.85102e-08  3.85064e-08
  3.85017e-08  3.84958e-08  3.84884e-08  3.84792e-08  3.84677e-08  3.84533e-08
  3.84354e-08  3.84132e-08  3.83858e-08  3.83522e-08  3.83111e-08  3.82614e-08
  3.82018e-08  3.81313e-08  3.80492e-08  3.79558e-08  3.78523e-08  3.77424e-08
  3.76322e-08  3.75320e-08  3.74566e-08  3.74260e-08  3.74639e-08  3.75905e-08
  3.78158e-08  3.81373e-08  3.84986e-08  3.87109e-08  3.86071e-08  3.83482e-08
  3.81414e-08  3.76855e-08  3.62117e-08  3.35109e-08  3.02310e-08  2.69297e-08

  4.28593e-08  4.28591e-08  4.28587e-08  4.28583e-08  4.28577e-08  4.28570e-08
  4.28561e-08  4.28550e-08  4.28536e-08  4.28518e-08  4.28496e-08  4.28468e-08
  4.28433e-08  4.28389e-08  4.28334e-08  4.28265e-08  4.28179e-08  4.28072e-08
  4.27938e-08  4.27771e-08  4.27565e-08  4.27312e-08  4.27002e-08  4.26626e-08
  4.26174e-08  4.25640e-08  4.25019e-08  4.24318e-08  4.23554e-08  4.22767e-08
  4.22026e-08  4.21433e-08  4.21121e-08  4.21223e-08  4.21817e-08  4.22830e-08
  4.23935e-08  4.24317e-08  4.22661e-08  4.18359e-08  4.12502e-08  4.05442e-08
  3.93876e-08  3.73803e-08  3.46114e-08  3.14875e-08  2.86687e-08  2.57367e-08

  4.49925e-08  4.49928e-08  4.49932e-08  4.49936e-08  4.49941e-08  4.49948e-08
  4.49956e-08  4.49967e-08  4.49980e-08  4.49997e-08  4.50018e-08  4.50045e-08
  4.50078e-08  4.50120e-08  4.50173e-08  4.50240e-08  4.50324e-08  4.50429e-08
  4.50562e-08  4.50728e-08  4.50937e-08  4.51198e-08  4.51526e-08  4.51936e-08
  4.52448e-08  4.53087e-08  4.53880e-08  4.54859e-08  4.56061e-08  4.57518e-08
  4.59248e-08  4.61232e-08  4.63377e-08  4.65453e-08  4.67044e-08  4.67483e-08
  4.65842e-08  4.61255e-08  4.53579e-08  4.43105e-08  4.29133e-08  4.09698e-08
  3.83783e-08  3.54225e-08  3.24889e-08  2.97256e-08  2.74190e-08  2.47924e-08

h0 + h+ -> h+ + h0
  1.10368e-08  1.16403e-08  1.24069e-08  1.32213e-08  1.41413e-08  1.51684e-08
  1.63073e-08  1.75477e-08  1.89301e-08  2.04397e-08  2.20781e-08  2.38607e-08
  2.57513e-08  2.77570e-08  2.98657e-08  3.20660e-08  3.43478e-08  3.67036e-08
  3.91296e-08  4.16270e-08  4.42031e-08  4.68725e-08  4.96569e-08  5.25851e-08
  5.56920e-08  5.90165e-08  6.25979e-08  6.64719e-08  7.06629e-08  7.51763e-08
  7.99867e-08  8.50253e-08  9.01664e-08  9.52169e-08  9.99105e-08  1.03914e-07
  1.06846e-07  1.08316e-07  1.07970e-07  1.05545e-07  1.00920e-07  9.41528e-08
  8.55058e-08  7.54616e-08  6.47108e-08  5.40877e-08  4.44284e-08  3.63711e-08

  1.15095e-08  1.20715e-08  1.27900e-08  1.35609e-08  1.44466e-08  1.54445e-08
  1.65565e-08  1.77874e-08  1.91426e-08  2.06103e-08  2.22253e-08  2.39684e-08
  2.58537e-08  2.78411e-08  2.99354e-08  3.21241e-08  3.43963e-08  3.67440e-08
  3.91633e-08  4.16550e-08  4.42264e-08  4.68918e-08  4.96729e-08  5.25983e-08
  5.57030e-08  5.90256e-08  6.26055e-08  6.64782e-08  7.06682e-08  7.51807e-08
  7.99903e-08  8.50282e-08  9.01687e-08  9.52186e-08  9.99117e-08  1.03915e-07
  1.06847e-07  1.08317e-07  1.07970e-07  1.05545e-07  1.00920e-07  9.41525e-08
  8.55056e-08  7.54614e-08  6.47107e-08  5.40877e-08  4.44284e-08  3.63711e-08

  1.21298e-08  1.25834e-08  1.31941e-08  1.39736e-08  1.48141e-08  1.57756e-08
  1.68560e-08  1.80572e-08  1.93832e-08  2.08380e-08  2.24242e-08  2.41244e-08
  2.59844e-08  2.79482e-08  3.00236e-08  3.21972e-08  3.44572e-08  3.67949e-08
  3.92056e-08  4.16902e-08  4.42557e-08  4.69161e-08  4.96930e-08  5.26151e-08
  5.57169e-08  5.90371e-08  6.26151e-08  6.64861e-08  7.06748e-08  7.51862e-08
  7.99948e-08  8.50318e-08  9.01716e-08  9.52208e-08  9.99133e-08  1.03916e-07
  1.06847e-07  1.08317e-07  1.07970e-07  1.05545e-07  1.00920e-07  9.41521e-08
  8.55053e-08  7.54612e-08  6.47106e-08  5.40877e-08  4.44284e-08  3.63710e-08

  1.27956e-08  1.32554e-08  1.38123e-08  1.44762e-08  1.52599e-08  1.61736e-08
  1.72146e-08  1.83809e-08  1.96740e-08  2.10964e-08  2.26501e-08  2.43352e-08
  2.61491e-08  2.80850e-08  3.01356e-08  3.22896e-08  3.45339e-08  3.68588e-08
  3.92589e-08  4.17346e-08  4.42926e-08  4.69468e-08  4.97185e-08  5.26361e-08
  5.57343e-08  5.90516e-08  6.26271e-08  6.64961e-08  7.06831e-08  7.51931e-08
  8.00005e-08  8.50364e-08  9.01752e-08  9.52235e-08  9.99152e-08  1.03917e-07
  1.06848e-07  1.08317e-07  1.07970e-07  1.05544e-07  1.00919e-07  9.41516e-08
  8.55049e-08  7.54610e-08  6.47105e-08  5.40877e-08  4.44284e-08  3.63709e-08

  1.35717e-08  1.39807e-08  1.44797e-08  1.50826e-08  1.58034e-08  1.66554e-08
  1.76451e-08  1.87681e-08  2.00222e-08  2.14078e-08  2.29259e-08  2.45756e-08
  2.63546e-08  2.82582e-08  3.02785e-08  3.24066e-08  3.46306e-08  3.69392e-08
  3.93259e-08  4.17904e-08  4.43391e-08  4.69854e-08  4.97505e-08  5.26627e-08
  5.57564e-08  5.90698e-08  6.26423e-08  6.65087e-08  7.06936e-08  7.52017e-08
  8.00076e-08  8.50422e-08  9.01797e-08  9.52270e-08  9.99177e-08  1.03918e-07
  1.06849e-07  1.08317e-07  1.07969e-07  1.05544e-07  1.00918e-07  9.41510e-08
  8.55044e-08  7.54607e-08  6.47104e-08  5.40876e-08  4.44283e-08  3.63708e-08

  1.44632e-08  1.48239e-08  1.52694e-08  1.58107e-08  1.64628e-08  1.72432e-08
  1.81656e-08  1.92327e-08  2.04387e-08  2.17806e-08  2.32576e-08  2.48681e-08
  2.66089e-08  2.84750e-08  3.04599e-08  3.25557e-08  3.47529e-08  3.70404e-08
  3.94102e-08  4.18607e-08  4.43976e-08  4.70340e-08  4.97909e-08  5.26962e-08
  5.57842e-08  5.90929e-08  6.26614e-08  6.65246e-08  7.07068e-08  7.52127e-08
  8.00166e-08  8.50494e-08  9.01855e-08  9.52313e-08  9.99207e-08  1.03920e-07
  1.06850e-07  1.08317e-07  1.07969e-07  1.05543e-07  1.00918e-07  9.41502e-08
  8.55038e-08  7.54603e-08  6.47102e-08  5.40876e-08  4.44283e-08  3.63707e-08

  1.54785e-08  1.57925e-08  1.61855e-08  1.66694e-08  1.72550e-08  1.79587e-08
  1.88003e-08  1.97936e-08  2.09382e-08  2.22265e-08  2.36544e-08  2.52193e-08
  2.69173e-08  2.87424e-08  3.06875e-08  3.27453e-08  3.49084e-08  3.71682e-08
  3.95162e-08  4.19490e-08  4.44712e-08  4.70953e-08  4.98418e-08  5.27385e-08
  5.58192e-08  5.91220e-08  6.26855e-08  6.65447e-08  7.07234e-08  7.52265e-08
  8.00279e-08  8.50586e-08  9.01927e-08  9.52368e-08  9.99246e-08  1.03923e-07
  1.06851e-07  1.08317e-07  1.07969e-07  1.05542e-07  1.00916e-07  9.41492e-08
  8.55030e-08  7.54599e-08  6.47100e-08  5.40875e-08  4.44282e-08  3.63705e-08

  1.66261e-08  1.68967e-08  1.72374e-08  1.76635e-08  1.81867e-08  1.88177e-08
  1.95739e-08  2.04771e-08  2.15406e-08  2.27610e-08  2.41290e-08  2.56393e-08
  2.72871e-08  2.90658e-08  3.09674e-08  3.29833e-08  3.51062e-08  3.73303e-08
  3.96498e-08  4.20601e-08  4.45638e-08  4.71725e-08  4.99061e-08  5.27919e-08
  5.58635e-08  5.91587e-08  6.27160e-08  6.65700e-08  7.07444e-08  7.52439e-08
  8.00422e-08  8.50702e-08  9.02018e-08  9.52437e-08  9.99295e-08  1.03926e-07
  1.06853e-07  1.08318e-07  1.07968e-07  1.05541e-07  1.00915e-07  9.41480e-08
  8.55021e-08  7.54593e-08  6.47097e-08  5.40875e-08  4.44282e-08  3.63703e-08

  1.79118e-08  1.81445e-08  1.84367e-08  1.88040e-08  1.92630e-08  1.98253e-08
  2.05016e-08  2.13099e-08  2.22733e-08  2.34048e-08  2.46977e-08  2.61415e-08
  2.77289e-08  2.94530e-08  3.13051e-08  3.32752e-08  3.53544e-08  3.75366e-08
  3.98191e-08  4.22000e-08  4.46804e-08  4.72698e-08  4.99871e-08  5.28592e-08
  5.59194e-08  5.92051e-08  6.27545e-08  6.66019e-08  7.07709e-08  7.52658e-08
  8.00602e-08  8.50847e-08  9.02133e-08  9.52523e-08  9.99356e-08  1.03930e-07
  1.06855e-07  1.08318e-07  1.07967e-07  1.05540e-07  1.00914e-07  9.41465e-08
  8.55009e-08  7.54585e-08  6.47094e-08  5.40874e-08  4.44281e-08  3.63700e-08

  1.93419e-08  1.95405e-08  1.97899e-08  2.01028e-08  2.04958e-08  2.09864e-08
  2.15864e-08  2.23066e-08  2.31652e-08  2.41862e-08  2.53818e-08  2.67428e-08
  2.82569e-08  2.99152e-08  3.17086e-08  3.36264e-08  3.56581e-08  3.77953e-08
  4.00344e-08  4.23772e-08  4.48273e-08  4.73924e-08  5.00894e-08  5.29444e-08
  5.59902e-08  5.92638e-08  6.28032e-08  6.66423e-08  7.08044e-08  7.52935e-08
  8.00829e-08  8.51031e-08  9.02277e-08  9.52632e-08  9.99434e-08  1.03935e-07
  1.06857e-07  1.08319e-07  1.07967e-07  1.05538e-07  1.00912e-07  9.41445e-08
  8.54993e-08  7.54576e-08  6.47090e-08  5.40873e-08  4.44280e-08  3.63697e-08

  2.09216e-08  2.10892e-08  2.12999e-08  2.15647e-08  2.18966e-08  2.23133e-08
  2.28333e-08  2.34686e-08  2.42299e-08  2.51357e-08  2.62102e-08  2.74649e-08
  2.88884e-08  3.04669e-08  3.21895e-08  3.40453e-08  3.60226e-08  3.81110e-08
  4.03041e-08  4.26023e-08  4.50131e-08  4.75469e-08  5.02184e-08  5.30520e-08
  5.60797e-08  5.93382e-08  6.28649e-08  6.66935e-08  7.08468e-08  7.53284e-08
  8.01116e-08  8.51262e-08  9.02459e-08  9.52770e-08  9.99531e-08  1.03941e-07
  1.06860e-07  1.08320e-07  1.07965e-07  1.05536e-07  1.00909e-07  9.41420e-08
  8.54974e-08  7.54564e-08  6.47085e-08  5.40871e-08  4.44279e-08  3.63692e-08

  2.26537e-08  2.27932e-08  2.29688e-08  2.31899e-08  2.34678e-08  2.38164e-08
  2.42540e-08  2.48002e-08  2.54671e-08  2.62658e-08  2.72145e-08  2.83376e-08
  2.96458e-08  3.11259e-08  3.27626e-08  3.45436e-08  3.64563e-08  3.84888e-08
  4.06324e-08  4.28840e-08  4.52492e-08  4.77425e-08  5.03814e-08  5.31881e-08
  5.61931e-08  5.94324e-08  6.29431e-08  6.67582e-08  7.09004e-08  7.53726e-08
  8.01477e-08  8.51554e-08  9.02689e-08  9.52943e-08  9.99653e-08  1.03949e-07
  1.06864e-07  1.08320e-07  1.07964e-07  1.05533e-07  1.00906e-07  9.41390e-08
  8.54950e-08  7.54549e-08  6.47078e-08  5.40869e-08  4.44277e-08  3.63687e-08

  2.45370e-08  2.46514e-08  2.47956e-08  2.49772e-08  2.52063e-08  2.54947e-08
  2.58569e-08  2.63120e-08  2.68805e-08  2.75747e-08  2.84061e-08  2.93927e-08
  3.05590e-08  3.19149e-08  3.34462e-08  3.51361e-08  3.69709e-08  3.89373e-08
  4.10244e-08  4.32262e-08  4.55443e-08  4.79909e-08  5.05879e-08  5.33604e-08
  5.63369e-08  5.95520e-08  6.30423e-08  6.68404e-08  7.09683e-08  7.54286e-08
  8.01935e-08  8.51922e-08  9.02978e-08  9.53161e-08  9.99808e-08  1.03958e-07
  1.06869e-07  1.08322e-07  1.07962e-07  1.05530e-07  1.00902e-07  9.41351e-08
  8.54920e-08  7.54530e-08  6.47070e-08  5.40867e-08  4.44275e-08  3.63680e-08

  2.65657e-08  2.66580e-08  2.67744e-08  2.69214e-08  2.71069e-08  2.73414e-08
  2.76372e-08  2.80096e-08  2.84785e-08  2.90649e-08  2.97820e-08  3.06411e-08
  3.16605e-08  3.28646e-08  3.42633e-08  3.58414e-08  3.75812e-08  3.94679e-08
  4.14884e-08  4.36338e-08  4.59022e-08  4.83012e-08  5.08503e-08  5.35792e-08
  5.65194e-08  5.97041e-08  6.31685e-08  6.69449e-08  7.10545e-08  7.54995e-08
  8.02513e-08  8.52387e-08  9.03343e-08  9.53436e-08  1.00000e-07  1.03971e-07
  1.06875e-07  1.08323e-07  1.07960e-07  1.05525e-07  1.00896e-07  9.41302e-08
  8.54882e-08  7.54506e-08  6.47059e-08  5.40864e-08  4.44272e-08  3.63671e-08

  2.87292e-08  2.88025e-08  2.88950e-08  2.90120e-08  2.91599e-08  2.93470e-08
  2.95842e-08  2.98844e-08  3.02636e-08  3.07423e-08  3.13426e-08  3.20780e-08
  3.29603e-08  3.40078e-08  3.52454e-08  3.66834e-08  3.83061e-08  4.00953e-08
  4.20355e-08  4.41149e-08  4.63277e-08  4.86773e-08  5.11782e-08  5.38574e-08
  5.67518e-08  5.98977e-08  6.33294e-08  6.70779e-08  7.11642e-08  7.55895e-08
  8.03246e-08  8.52975e-08  9.03803e-08  9.53783e-08  1.00025e-07  1.03986e-07
  1.06883e-07  1.08325e-07  1.07958e-07  1.05520e-07  1.00890e-07  9.41240e-08
  8.54834e-08  7.54477e-08  6.47046e-08  5.40860e-08  4.44268e-08  3.63660e-08

  3.10125e-08  3.10698e-08  3.11423e-08  3.12339e-08  3.13500e-08  3.14972e-08
  3.16840e-08  3.19215e-08  3.22234e-08  3.26061e-08  3.30914e-08  3.37020e-08
  3.44520e-08  3.53537e-08  3.64258e-08  3.76944e-08  3.91705e-08  4.08388e-08
  4.26805e-08  4.46803e-08  4.68286e-08  4.91238e-08  5.15754e-08  5.42054e-08
  5.70479e-08  6.01449e-08  6.35348e-08  6.72479e-08  7.13041e-08  7.57040e-08
  8.04176e-08  8.53719e-08  9.04385e-08  9.54220e-08  1.00056e-07  1.04006e-07
  1.06893e-07  1.08327e-07  1.07954e-07  1.05513e-07  1.00882e-07  9.41162e-08
  8.54773e-08  7.54439e-08  6.47029e-08  5.40856e-08  4.44264e-08  3.63646e-08

  3.33971e-08  3.34414e-08  3.34975e-08  3.35685e-08  3.36585e-08  3.37727e-08
  3.39178e-08  3.41028e-08  3.43389e-08  3.46403e-08  3.50244e-08  3.55138e-08
  3.61323e-08  3.68946e-08  3.78136e-08  3.89089e-08  4.02082e-08  4.17245e-08
  4.34430e-08  4.53447e-08  4.74153e-08  4.96481e-08  5.20466e-08  5.46272e-08
  5.74187e-08  6.04608e-08  6.37981e-08  6.74656e-08  7.14831e-08  7.58501e-08
  8.05359e-08  8.54664e-08  9.05121e-08  9.54772e-08  1.00094e-07  1.04030e-07
  1.06906e-07  1.08330e-07  1.07950e-07  1.05505e-07  1.00871e-07  9.41064e-08
  8.54696e-08  7.54391e-08  6.47008e-08  5.40850e-08  4.44259e-08  3.63629e-08

  3.58630e-08  3.58971e-08  3.59402e-08  3.59948e-08  3.60641e-08  3.61520e-08
  3.62638e-08  3.64064e-08  3.65887e-08  3.68225e-08  3.71224e-08  3.75068e-08
  3.79993e-08  3.86250e-08  3.93994e-08  4.03357e-08  4.14553e-08  4.27885e-08
  4.43508e-08  4.61285e-08  4.81027e-08  5.02606e-08  5.25990e-08  5.51275e-08
  5.78689e-08  6.08573e-08  6.41355e-08  6.77456e-08  7.17130e-08  7.60374e-08
  8.06868e-08  8.55864e-08  9.06054e-08  9.55470e-08  1.00143e-07  1.04061e-07
  1.06921e-07  1.08333e-07  1.07945e-07  1.05494e-07  1.00858e-07  9.40940e-08
  8.54600e-08  7.54331e-08  6.46981e-08  5.40842e-08  4.44252e-08  3.63607e-08

  3.83907e-08  3.84170e-08  3.84502e-08  3.84923e-08  3.85456e-08  3.86132e-08
  3.86992e-08  3.88089e-08  3.89491e-08  3.91291e-08  3.93608e-08  3.96598e-08
  4.00450e-08  4.05415e-08  4.11758e-08  4.19643e-08  4.29209e-08  4.40692e-08
  4.54431e-08  4.70617e-08  4.89123e-08  5.09763e-08  5.32429e-08  5.57134e-08
  5.84030e-08  6.13394e-08  6.45600e-08  6.81055e-08  7.20095e-08  7.62782e-08
  8.08803e-08  8.57395e-08  9.07238e-08  9.56353e-08  1.00205e-07  1.04100e-07
  1.06941e-07  1.08338e-07  1.07938e-07  1.05480e-07  1.00842e-07  9.40785e-08
  8.54479e-08  7.54256e-08  6.46947e-08  5.40832e-08  4.44243e-08  3.63579e-08

  4.09640e-08  4.09844e-08  4.10103e-08  4.10430e-08  4.10845e-08  4.11370e-08
  4.12038e-08  4.12888e-08  4.13973e-08  4.15364e-08  4.17155e-08  4.19470e-08
  4.22469e-08  4.26353e-08  4.31391e-08  4.37860e-08  4.45936e-08  4.55767e-08
  4.67616e-08  4.81871e-08  4.98765e-08  5.18183e-08  5.39943e-08  5.63957e-08
  5.90284e-08  6.19120e-08  6.50773e-08  6.85597e-08  7.23920e-08  7.65898e-08
  8.11296e-08  8.59357e-08  9.08747e-08  9.57472e-08  1.00284e-07  1.04150e-07
  1.06966e-07  1.08343e-07  1.07929e-07  1.05463e-07  1.00821e-07  9.40588e-08
  8.54325e-08  7.54160e-08  6.46904e-08  5.40820e-08  4.44232e-08  3.63545e-08

  4.35720e-08  4.35883e-08  4.36089e-08  4.36349e-08  4.36679e-08  4.37095e-08
  4.37624e-08  4.38296e-08  4.39151e-08  4.40245e-08  4.41648e-08  4.43457e-08
  4.45801e-08  4.48848e-08  4.52811e-08  4.57975e-08  4.64639e-08  4.72987e-08
  4.83178e-08  4.95510e-08  5.10431e-08  5.28222e-08  5.48776e-08  5.71913e-08
  5.97567e-08  6.25830e-08  6.56926e-08  6.91144e-08  7.28760e-08  7.69931e-08
  8.14528e-08  8.61886e-08  9.10680e-08  9.58897e-08  1.00383e-07  1.04212e-07
  1.06997e-07  1.08350e-07  1.07918e-07  1.05441e-07  1.00795e-07  9.40341e-08
  8.54132e-08  7.54040e-08  6.46850e-08  5.40804e-08  4.44219e-08  3.63501e-08

  4.62125e-08  4.62259e-08  4.62428e-08  4.62641e-08  4.62911e-08  4.63251e-08
  4.63683e-08  4.64229e-08  4.64924e-08  4.65808e-08  4.66937e-08  4.68385e-08
  4.70253e-08  4.72674e-08  4.75826e-08  4.79934e-08  4.85303e-08  4.92257e-08
  5.00989e-08  5.11669e-08  5.24637e-08  5.40412e-08  5.59323e-08  5.81269e-08
  6.06061e-08  6.33650e-08  6.64144e-08  6.97750e-08  7.34682e-08  7.75048e-08
  8.18725e-08  8.65173e-08  9.13172e-08  9.60719e-08  1.00508e-07  1.04290e-07
  1.07036e-07  1.08358e-07  1.07904e-07  1.05413e-07  1.00762e-07  9.40028e-08
  8.53888e-08  7.53887e-08  6.46780e-08  5.40784e-08  4.44201e-08  3.63447e-08

  4.88930e-08  4.89044e-08  4.89187e-08  4.89369e-08  4.89597e-08  4.89886e-08
  4.90250e-08  4.90711e-08  4.91295e-08  4.92036e-08  4.92977e-08  4.94177e-08
  4.95714e-08  4.97692e-08  5.00253e-08  5.03583e-08  5.07922e-08  5.13599e-08
  5.20962e-08  5.30217e-08  5.41547e-08  5.55336e-08  5.72180e-08  5.92459e-08
  6.16062e-08  6.42782e-08  6.72569e-08  7.05512e-08  7.41744e-08  7.81317e-08
  8.24064e-08  8.69456e-08  9.16418e-08  9.63071e-08  1.00669e-07  1.04389e-07
  1.07086e-07  1.08369e-07  1.07887e-07  1.05379e-07  1.00721e-07  9.39634e-08
  8.53579e-08  7.53693e-08  6.46692e-08  5.40758e-08  4.44179e-08  3.63379e-08

  5.16327e-08  5.16427e-08  5.16554e-08  5.16713e-08  5.16913e-08  5.17166e-08
  5.17485e-08  5.17888e-08  5.18396e-08  5.19039e-08  5.19853e-08  5.20886e-08
  5.22198e-08  5.23874e-08  5.26024e-08  5.28798e-08  5.32394e-08  5.37066e-08
  5.43172e-08  5.51086e-08  5.61026e-08  5.73187e-08  5.88004e-08  6.06147e-08
  6.28042e-08  6.53550e-08  6.82428e-08  7.14589e-08  7.50052e-08  7.88798e-08
  8.30607e-08  8.74914e-08  9.20663e-08  9.66141e-08  1.00877e-07  1.04516e-07
  1.07148e-07  1.08382e-07  1.07864e-07  1.05335e-07  1.00668e-07  9.39135e-08
  8.53188e-08  7.53447e-08  6.46579e-08  5.40725e-08  4.44151e-08  3.63294e-08

  5.44630e-08  5.44720e-08  5.44834e-08  5.44978e-08  5.45158e-08  5.45386e-08
  5.45673e-08  5.46034e-08  5.46490e-08  5.47065e-08  5.47791e-08  5.48709e-08
  5.49869e-08  5.51340e-08  5.53211e-08  5.55600e-08  5.58670e-08  5.62628e-08
  5.67749e-08  5.74415e-08  5.83035e-08  5.93833e-08  6.07019e-08  6.23073e-08
  6.42739e-08  6.66469e-08  6.94071e-08  7.25233e-08  7.59787e-08  7.97606e-08
  8.38413e-08  8.81601e-08  9.26082e-08  9.70175e-08  1.01149e-07  1.04680e-07
  1.07228e-07  1.08398e-07  1.07836e-07  1.05279e-07  1.00602e-07  9.38505e-08
  8.52693e-08  7.53135e-08  6.46435e-08  5.40681e-08  4.44116e-08  3.63188e-08

  5.74268e-08  5.74351e-08  5.74455e-08  5.74587e-08  5.74753e-08  5.74961e-08
  5.75224e-08  5.75555e-08  5.75971e-08  5.76496e-08  5.77157e-08  5.77991e-08
  5.79042e-08  5.80368e-08  5.82045e-08  5.84168e-08  5.86868e-08  5.90318e-08
  5.94740e-08  6.00426e-08  6.07789e-08  6.17268e-08  6.29096e-08  6.43491e-08
  6.60971e-08  6.82341e-08  7.08052e-08  7.37822e-08  7.71222e-08  8.07939e-08
  8.47603e-08  8.89565e-08  9.32712e-08  9.75336e-08  1.01509e-07  1.04898e-07
  1.07333e-07  1.08419e-07  1.07799e-07  1.05208e-07  1.00518e-07  9.37706e-08
  8.52065e-08  7.52737e-08  6.46249e-08  5.40623e-08  4.44071e-08  3.63056e-08

  6.05780e-08  6.05857e-08  6.05953e-08  6.06075e-08  6.06228e-08  6.06420e-08
  6.06663e-08  6.06968e-08  6.07352e-08  6.07835e-08  6.08444e-08  6.09210e-08
  6.10174e-08  6.11387e-08  6.12916e-08  6.14842e-08  6.17274e-08  6.20351e-08
  6.24262e-08  6.29244e-08  6.35606e-08  6.43791e-08  6.54267e-08  6.67273e-08
  6.83024e-08  7.02064e-08  7.25230e-08  7.52936e-08  7.84757e-08  8.20088e-08
  8.58383e-08  8.98924e-08  9.40576e-08  9.81627e-08  1.01971e-07  1.05189e-07
  1.07474e-07  1.08449e-07  1.07754e-07  1.05119e-07  1.00411e-07  9.36694e-08
  8.51266e-08  7.52228e-08  6.46008e-08  5.40546e-08  4.44014e-08  3.62892e-08

  6.39790e-08  6.39861e-08  6.39950e-08  6.40062e-08  6.40203e-08  6.40381e-08
  6.40604e-08  6.40885e-08  6.41239e-08  6.41685e-08  6.42245e-08  6.42950e-08
  6.43836e-08  6.44950e-08  6.46351e-08  6.48113e-08  6.50327e-08  6.53113e-08
  6.56625e-08  6.61065e-08  6.66686e-08  6.73812e-08  6.82914e-08  6.94486e-08
  7.08760e-08  7.25941e-08  7.46570e-08  7.71476e-08  8.00983e-08  8.34460e-08
  8.71052e-08  9.09882e-08  9.49779e-08  9.89037e-08  1.02531e-07  1.05565e-07
  1.07670e-07  1.08495e-07  1.07699e-07  1.05006e-07  1.00276e-07  9.35409e-08
  8.50249e-08  7.51575e-08  6.45695e-08  5.40443e-08  4.43940e-08  3.62689e-08

  6.76978e-08  6.77042e-08  6.77124e-08  6.77226e-08  6.77355e-08  6.77518e-08
  6.77722e-08  6.77979e-08  6.78303e-08  6.78710e-08  6.79222e-08  6.79866e-08
  6.80676e-08  6.81693e-08  6.82971e-08  6.84576e-08  6.86590e-08  6.89118e-08
  6.92289e-08  6.96271e-08  7.01280e-08  7.07586e-08  7.15523e-08  7.25583e-08
  7.38275e-08  7.53813e-08  7.72370e-08  7.94449e-08  8.20816e-08  8.51637e-08
  8.86002e-08  9.22723e-08  9.60503e-08  9.97636e-08  1.03182e-07  1.06014e-07
  1.07925e-07  1.08571e-07  1.07637e-07  1.04865e-07  1.00105e-07  9.33775e-08
  8.48950e-08  7.50735e-08  6.45285e-08  5.40304e-08  4.43846e-08  3.62438e-08

  7.18032e-08  7.18090e-08  7.18163e-08  7.18256e-08  7.18372e-08  7.18518e-08
  7.18702e-08  7.18934e-08  7.19226e-08  7.19592e-08  7.20054e-08  7.20634e-08
  7.21363e-08  7.22279e-08  7.23429e-08  7.24873e-08  7.26685e-08  7.28955e-08
  7.31799e-08  7.35357e-08  7.39811e-08  7.45388e-08  7.52367e-08  7.61092e-08
  7.72059e-08  7.85780e-08  8.02430e-08  8.22122e-08  8.45271e-08  8.72512e-08
  9.03776e-08  9.37801e-08  9.72992e-08  1.00756e-07  1.03926e-07  1.06524e-07
  1.08222e-07  1.08677e-07  1.07578e-07  1.04695e-07  9.98899e-08  9.31697e-08
  8.47287e-08  7.49647e-08  6.44744e-08  5.40113e-08  4.43723e-08  3.62130e-08

  7.63583e-08  7.63634e-08  7.63699e-08  7.63780e-08  7.63882e-08  7.64011e-08
  7.64174e-08  7.64378e-08  7.64635e-08  7.64958e-08  7.65364e-08  7.65875e-08
  7.66518e-08  7.67325e-08  7.68339e-08  7.69611e-08  7.71207e-08  7.73207e-08
  7.75710e-08  7.78839e-08  7.82745e-08  7.87617e-08  7.93692e-08  8.01251e-08
  8.10633e-08  8.22325e-08  8.36816e-08  8.54215e-08  8.74538e-08  8.98056e-08
  9.25196e-08  9.55577e-08  9.87524e-08  1.01899e-07  1.04769e-07  1.07088e-07
  1.08538e-07  1.08783e-07  1.07513e-07  1.04498e-07  9.96245e-08  9.29061e-08
  8.45152e-08  7.48233e-08  6.44023e-08  5.39847e-08  4.43563e-08  3.61755e-08

  8.14106e-08  8.14150e-08  8.14205e-08  8.14275e-08  8.14362e-08  8.14472e-08
  8.14611e-08  8.14785e-08  8.15005e-08  8.15281e-08  8.15628e-08  8.16064e-08
  8.16613e-08  8.17302e-08  8.18168e-08  8.19255e-08  8.20619e-08  8.22327e-08
  8.24466e-08  8.27138e-08  8.30473e-08  8.34624e-08  8.39785e-08  8.46190e-08
  8.54114e-08  8.63873e-08  8.75922e-08  8.90696e-08  9.08207e-08  9.28330e-08
  9.51128e-08  9.76747e-08  1.00444e-07  1.03207e-07  1.05717e-07  1.07703e-07
  1.08858e-07  1.08860e-07  1.07405e-07  1.04259e-07  9.93062e-08  9.25767e-08
  8.42413e-08  7.46385e-08  6.43054e-08  5.39473e-08  4.43350e-08  3.61299e-08

  8.69786e-08  8.69822e-08  8.69867e-08  8.69924e-08  8.69995e-08  8.70085e-08
  8.70198e-08  8.70340e-08  8.70519e-08  8.70745e-08  8.71028e-08  8.71384e-08
  8.71832e-08  8.72395e-08  8.73102e-08  8.73989e-08  8.75102e-08  8.76498e-08
  8.78244e-08  8.80427e-08  8.83151e-08  8.86541e-08  8.90751e-08  8.95963e-08
  9.02401e-08  9.10311e-08  9.19972e-08  9.31774e-08  9.46064e-08  9.62718e-08
  9.81427e-08  1.00200e-07  1.02423e-07  1.04698e-07  1.06772e-07  1.08360e-07
  1.09165e-07  1.08880e-07  1.07212e-07  1.03931e-07  9.89120e-08  9.21738e-08
  8.38939e-08  7.43963e-08  6.41740e-08  5.38938e-08  4.43063e-08  3.60750e-08

  9.30323e-08  9.30350e-08  9.30385e-08  9.30428e-08  9.30482e-08  9.30550e-08
  9.30636e-08  9.30745e-08  9.30881e-08  9.31052e-08  9.31268e-08  9.31539e-08
  9.31880e-08  9.32308e-08  9.32846e-08  9.33522e-08  9.34369e-08  9.35432e-08
  9.36762e-08  9.38425e-08  9.40499e-08  9.43083e-08  9.46290e-08  9.50258e-08
  9.55149e-08  9.61154e-08  9.68475e-08  9.77324e-08  9.87999e-08  1.00072e-07
  1.01519e-07  1.03090e-07  1.04734e-07  1.06397e-07  1.07928e-07  1.09042e-07
  1.09435e-07  1.08812e-07  1.06896e-07  1.03463e-07  9.83865e-08  9.16679e-08
  8.34609e-08  7.40819e-08  6.39949e-08  5.38165e-08  4.42669e-08  3.60093e-08

  9.94686e-08  9.94704e-08  9.94727e-08  9.94757e-08  9.94793e-08  9.94839e-08
  9.94897e-08  9.94970e-08  9.95062e-08  9.95177e-08  9.95322e-08  9.95505e-08
  9.95735e-08  9.96023e-08  9.96386e-08  9.96841e-08  9.97412e-08  9.98128e-08
  9.99024e-08  1.00014e-07  1.00154e-07  1.00329e-07  1.00545e-07  1.00812e-07
  1.01142e-07  1.01545e-07  1.02037e-07  1.02631e-07  1.03338e-07  1.04176e-07
  1.05151e-07  1.06217e-07  1.07297e-07  1.08313e-07  1.09181e-07  1.09718e-07
  1.09629e-07  1.08614e-07  1.06410e-07  1.02804e-07  9.76691e-08  9.09956e-08
  8.29073e-08  7.36800e-08  6.37528e-08  5.37041e-08  4.42114e-08  3.59308e-08

  1.06081e-07  1.06082e-07  1.06083e-07  1.06085e-07  1.06086e-07  1.06089e-07
  1.06092e-07  1.06096e-07  1.06100e-07  1.06106e-07  1.06114e-07  1.06123e-07
  1.06135e-07  1.06149e-07  1.06168e-07  1.06191e-07  1.06220e-07  1.06257e-07
  1.06303e-07  1.06360e-07  1.06432e-07  1.06521e-07  1.06631e-07  1.06767e-07
  1.06935e-07  1.07140e-07  1.07389e-07  1.07688e-07  1.08042e-07  1.08451e-07
  1.08920e-07  1.09438e-07  1.09939e-07  1.10327e-07  1.10501e-07  1.10352e-07
  1.09690e-07  1.08226e-07  1.05694e-07  1.01892e-07  9.66966e-08  9.00871e-08
  8.21623e-08  7.31505e-08  6.34305e-08  5.35428e-08  4.41319e-08  3.58373e-08

  1.12527e-07  1.12527e-07  1.12528e-07  1.12528e-07  1.12528e-07  1.12528e-07
  1.12528e-07  1.12529e-07  1.12529e-07  1.12529e-07  1.12530e-07  1.12531e-07
  1.12532e-07  1.12533e-07  1.12534e-07  1.12536e-07  1.12538e-07  1.12541e-07
  1.12544e-07  1.12549e-07  1.12554e-07  1.12560e-07  1.12568e-07  1.12577e-07
  1.12588e-07  1.12600e-07  1.12612e-07  1.12624e-07  1.12632e-07  1.12632e-07
  1.12611e-07  1.12561e-07  1.12454e-07  1.12213e-07  1.11725e-07  1.10877e-07
  1.09552e-07  1.07568e-07  1.04671e-07  1.00654e-07  9.53954e-08  8.88680e-08
  8.11472e-08  7.24166e-08  6.29849e-08  5.33158e-08  4.40182e-08  3.57251e-08

  1.18304e-07  1.18303e-07  1.18302e-07  1.18301e-07  1.18299e-07  1.18298e-07
  1.18295e-07  1.18293e-07  1.18289e-07  1.18285e-07  1.18279e-07  1.18272e-07
  1.18263e-07  1.18252e-07  1.18238e-07  1.18220e-07  1.18198e-07  1.18170e-07
  1.18135e-07  1.18091e-07  1.18036e-07  1.17967e-07  1.17881e-07  1.17774e-07
  1.17641e-07  1.17476e-07  1.17271e-07  1.17018e-07  1.16707e-07  1.16326e-07
  1.15858e-07  1.15282e-07  1.14576e-07  1.13704e-07  1.12579e-07  1.11087e-07
  1.09111e-07  1.06547e-07  1.03242e-07  9.89954e-08  9.36774e-08  8.72527e-08
  7.97762e-08  7.13900e-08  6.23336e-08  5.29793e-08  4.38569e-08  3.55900e-08

  1.22736e-07  1.22735e-07  1.22733e-07  1.22731e-07  1.22728e-07  1.22725e-07
  1.22721e-07  1.22715e-07  1.22708e-07  1.22700e-07  1.22689e-07  1.22676e-07
  1.22659e-07  1.22637e-07  1.22611e-07  1.22577e-07  1.22535e-07  1.22481e-07
  1.22415e-07  1.22331e-07  1.22227e-07  1.22096e-07  1.21933e-07  1.21729e-07
  1.21477e-07  1.21164e-07  1.20777e-07  1.20303e-07  1.19722e-07  1.19016e-07
  1.18164e-07  1.17140e-07  1.15916e-07  1.14464e-07  1.12744e-07  1.10670e-07
  1.08135e-07  1.05038e-07  1.01299e-07  9.68099e-08  9.14421e-08  8.51439e-08
  7.79525e-08  6.99735e-08  6.13802e-08  5.24487e-08  4.36079e-08  3.54263e-08

  1.25014e-07  1.25012e-07  1.25010e-07  1.25007e-07  1.25003e-07  1.24999e-07
  1.24993e-07  1.24986e-07  1.24977e-07  1.24966e-07  1.24952e-07  1.24934e-07
  1.24911e-07  1.24883e-07  1.24847e-07  1.24803e-07  1.24746e-07  1.24676e-07
  1.24587e-07  1.24476e-07  1.24337e-07  1.24163e-07  1.23946e-07  1.23675e-07
  1.23339e-07  1.22921e-07  1.22405e-07  1.21771e-07  1.20996e-07  1.20053e-07
  1.18916e-07  1.17555e-07  1.15941e-07  1.14042e-07  1.11831e-07  1.09271e-07
  1.06289e-07  1.02793e-07  9.87065e-08  9.39861e-08  8.85827e-08  8.24395e-08
  7.55721e-08  6.80588e-08  6.00155e-08  5.16214e-08  4.31896e-08  3.52025e-08

  1.24278e-07  1.24276e-07  1.24273e-07  1.24270e-07  1.24266e-07  1.24261e-07
  1.24255e-07  1.24247e-07  1.24237e-07  1.24225e-07  1.24209e-07  1.24189e-07
  1.24164e-07  1.24133e-07  1.24093e-07  1.24043e-07  1.23981e-07  1.23903e-07
  1.23804e-07  1.23681e-07  1.23526e-07  1.23332e-07  1.23090e-07  1.22788e-07
  1.22411e-07  1.21944e-07  1.21365e-07  1.20652e-07  1.19778e-07  1.18712e-07
  1.17422e-07  1.15875e-07  1.14038e-07  1.11880e-07  1.09371e-07  1.06491e-07
  1.03214e-07  9.94825e-08  9.52266e-08  9.03997e-08  8.50019e-08  7.90451e-08
  7.25382e-08  6.55375e-08  5.81199e-08  5.03784e-08  4.24984e-08  3.48465e-08

  1.19784e-07  1.19782e-07  1.19780e-07  1.19776e-07  1.19773e-07  1.19768e-07
  1.19762e-07  1.19754e-07  1.19744e-07  1.19732e-07  1.19717e-07  1.19698e-07
  1.19674e-07  1.19643e-07  1.19605e-07  1.19557e-07  1.19496e-07  1.19420e-07
  1.19324e-07  1.19204e-07  1.19054e-07  1.18865e-07  1.18629e-07  1.18334e-07
  1.17966e-07  1.17508e-07  1.16939e-07  1.16235e-07  1.15369e-07  1.14309e-07
  1.13019e-07  1.11463e-07  1.09605e-07  1.07409e-07  1.04847e-07  1.01896e-07
  9.85438e-08  9.47800e-08  9.05629e-08  8.58440e-08  8.06061e-08  7.48948e-08
  6.87814e-08  6.23241e-08  5.55820e-08  4.85902e-08  4.14102e-08  3.42613e-08

  1.11122e-07  1.11120e-07  1.11118e-07  1.11115e-07  1.11112e-07  1.11108e-07
  1.11103e-07  1.11096e-07  1.11088e-07  1.11078e-07  1.11065e-07  1.11048e-07
  1.11028e-07  1.11002e-07  1.10969e-07  1.10928e-07  1.10877e-07  1.10812e-07
  1.10730e-07  1.10628e-07  1.10500e-07  1.10338e-07  1.10136e-07  1.09883e-07
  1.09567e-07  1.09172e-07  1.08680e-07  1.08068e-07  1.07312e-07  1.06381e-07
  1.05239e-07  1.03851e-07  1.02176e-07  1.00177e-07  9.78211e-08  9.50814e-08
  9.19413e-08  8.83993e-08  8.44557e-08  8.00812e-08  7.52417e-08  6.99459e-08
  6.42852e-08  5.83863e-08  5.23322e-08  4.61432e-08  3.97896e-08  3.33258e-08

  9.84401e-08  9.84389e-08  9.84374e-08  9.84355e-08  9.84331e-08  9.84301e-08
  9.84263e-08  9.84216e-08  9.84156e-08  9.84080e-08  9.83985e-08  9.83865e-08
  9.83715e-08  9.83525e-08  9.83286e-08  9.82986e-08  9.82608e-08  9.82133e-08
  9.81535e-08  9.80784e-08  9.79839e-08  9.78652e-08  9.77161e-08  9.75290e-08
  9.72943e-08  9.70004e-08  9.66327e-08  9.61737e-08  9.56018e-08  9.48917e-08
  9.40133e-08  9.29327e-08  9.16121e-08  9.00122e-08  8.80947e-08  8.58267e-08
  8.31838e-08  8.01529e-08  7.67377e-08  7.29438e-08  6.87451e-08  6.41120e-08
  5.90748e-08  5.37736e-08  4.83850e-08  4.29857e-08  3.75218e-08  3.19048e-08

  8.25870e-08  8.25863e-08  8.25854e-08  8.25843e-08  8.25829e-08  8.25811e-08
  8.25788e-08  8.25760e-08  8.25724e-08  8.25679e-08  8.25623e-08  8.25551e-08
  8.25462e-08  8.25349e-08  8.25207e-08  8.25028e-08  8.24802e-08  8.24519e-08
  8.24162e-08  8.23712e-08  8.23146e-08  8.22434e-08  8.21536e-08  8.20407e-08
  8.18985e-08  8.17194e-08  8.14942e-08  8.12108e-08  8.08546e-08  8.04074e-08
  7.98468e-08  7.91459e-08  7.82732e-08  7.71926e-08  7.58654e-08  7.42526e-08
  7.23199e-08  7.00406e-08  6.74002e-08  6.44016e-08  6.10477e-08  5.73044e-08
  5.31357e-08  4.85920e-08  4.38682e-08  3.91824e-08  3.45704e-08  2.98852e-08

  6.50586e-08  6.50583e-08  6.50580e-08  6.50575e-08  6.50569e-08  6.50562e-08
  6.50553e-08  6.50542e-08  6.50527e-08  6.50509e-08  6.50487e-08  6.50458e-08
  6.50422e-08  6.50376e-08  6.50319e-08  6.50247e-08  6.50156e-08  6.50041e-08
  6.49896e-08  6.49713e-08  6.49482e-08  6.49189e-08  6.48820e-08  6.48351e-08
  6.47757e-08  6.47001e-08  6.46039e-08  6.44810e-08  6.43239e-08  6.41224e-08
  6.38633e-08  6.35298e-08  6.31001e-08  6.25470e-08  6.18377e-08  6.09344e-08
  5.97967e-08  5.83860e-08  5.66696e-08  5.46258e-08  5.22512e-08  4.95390e-08
  4.64361e-08  4.28896e-08  3.89722e-08  3.49426e-08  3.10445e-08  2.72400e-08

  4.77131e-08  4.77131e-08  4.77131e-08  4.77131e-08  4.77131e-08  4.77131e-08
  4.77132e-08  4.77132e-08  4.77133e-08  4.77133e-08  4.77134e-08  4.77135e-08
  4.77136e-08  4.77137e-08  4.77139e-08  4.77141e-08  4.77143e-08  4.77145e-08
  4.77148e-08  4.77152e-08  4.77155e-08  4.77157e-08  4.77158e-08  4.77156e-08
  4.77148e-08  4.77130e-08  4.77093e-08  4.77027e-08  4.76912e-08  4.76719e-08
  4.76402e-08  4.75891e-08  4.75082e-08  4.73826e-08  4.71910e-08  4.69051e-08
  4.64889e-08  4.59004e-08  4.50953e-08  4.40319e-08  4.26779e-08  4.10208e-08
  3.90407e-08  3.66552e-08  3.37859e-08  3.05334e-08  2.72244e-08  2.41049e-08

  3.23089e-08  3.23090e-08  3.23092e-08  3.23095e-08  3.23098e-08  3.23102e-08
  3.23107e-08  3.23113e-08  3.23121e-08  3.23131e-08  3.23143e-08  3.23159e-08
  3.23178e-08  3.23203e-08  3.23234e-08  3.23273e-08  3.23322e-08  3.23383e-08
  3.23461e-08  3.23557e-08  3.23679e-08  3.23831e-08  3.24020e-08  3.24256e-08
  3.24550e-08  3.24913e-08  3.25361e-08  3.25910e-08  3.26578e-08  3.27381e-08
  3.28334e-08  3.29445e-08  3.30703e-08  3.32075e-08  3.33484e-08  3.34791e-08
  3.35771e-08  3.36102e-08  3.35363e-08  3.33061e-08  3.28682e-08  3.21791e-08
  3.12191e-08  2.99561e-08  2.82707e-08  2.60519e-08  2.34337e-08  2.08052e-08

