   EFIT?   05/12/98      #123301  2500             3  65  65
  1.70000005e+00  3.20000005e+00  1.69550002e+00  8.39999974e-01  0.00000000e+00
  1.73866487e+00  3.69715765e-02 -4.52509135e-01 -1.33610621e-01 -1.97698903e+00
  1.49706588e+06 -4.52509135e-01  0.00000000e+00  1.73866487e+00  0.00000000e+00
  3.69715765e-02  0.00000000e+00 -1.33610621e-01  0.00000000e+00  0.00000000e+00
 -3.43639922e+00 -3.43282032e+00 -3.42934942e+00 -3.42598486e+00 -3.42272520e+00
 -3.41956878e+00 -3.41651368e+00 -3.41355872e+00 -3.41070223e+00 -3.40794206e+00
 -3.40527701e+00 -3.40270519e+00 -3.40022469e+00 -3.39783430e+00 -3.39553165e+00
 -3.39331555e+00 -3.39118409e+00 -3.38913512e+00 -3.38716745e+00 -3.38527894e+00
 -3.38346767e+00 -3.38173223e+00 -3.38007045e+00 -3.37848067e+00 -3.37696123e+00
 -3.37550998e+00 -3.37412500e+00 -3.37280488e+00 -3.37154722e+00 -3.37035060e+00
 -3.36921310e+00 -3.36813259e+00 -3.36710715e+00 -3.36613512e+00 -3.36521459e+00
 -3.36434364e+00 -3.36352038e+00 -3.36274266e+00 -3.36200881e+00 -3.36131692e+00
 -3.36066484e+00 -3.36005092e+00 -3.35947323e+00 -3.35892963e+00 -3.35841846e+00
 -3.35793734e+00 -3.35748482e+00 -3.35705876e+00 -3.35665727e+00 -3.35627842e+00
 -3.35592008e+00 -3.35558057e+00 -3.35525775e+00 -3.35494995e+00 -3.35465479e+00
 -3.35437059e+00 -3.35409570e+00 -3.35382748e+00 -3.35356450e+00 -3.35330486e+00
 -3.35304618e+00 -3.35278702e+00 -3.35252500e+00 -3.35225821e+00 -3.35198498e+00
  1.01095367e+05  9.90783906e+04  9.70752891e+04  9.50860781e+04  9.31107500e+04
  9.11493047e+04  8.92017500e+04  8.72680703e+04  8.53482812e+04  8.34423750e+04
  8.15503594e+04  7.96722188e+04  7.78079688e+04  7.59576016e+04  7.41211250e+04
  7.22985234e+04  7.04898125e+04  6.86949844e+04  6.69140469e+04  6.51469844e+04
  6.33938125e+04  6.16545234e+04  5.99291172e+04  5.82175977e+04  5.65199648e+04
  5.48362148e+04  5.31663477e+04  5.15103672e+04  4.98682695e+04  4.82400586e+04
  4.66257344e+04  4.50252891e+04  4.34387344e+04  4.18660586e+04  4.03072734e+04
  3.87623672e+04  3.72313516e+04  3.57142148e+04  3.42109648e+04  3.27216016e+04
  3.12461211e+04  2.97845254e+04  2.83368145e+04  2.69029883e+04  2.54830469e+04
  2.40769902e+04  2.26848184e+04  2.13065312e+04  1.99421289e+04  1.85916094e+04
  1.72549766e+04  1.59322285e+04  1.46233643e+04  1.33283848e+04  1.20472900e+04
  1.07800801e+04  9.52675488e+03  8.28731445e+03  7.06175781e+03  5.85008643e+03
  4.65229980e+03  3.46839795e+03  2.29838062e+03  1.14224792e+03  0.00000000e+00
 -2.50572729e+00 -2.42817211e+00 -2.35192871e+00 -2.27699661e+00 -2.20337629e+00
 -2.13106728e+00 -2.06007004e+00 -1.99038446e+00 -1.92201042e+00 -1.85494792e+00
 -1.78919697e+00 -1.72475767e+00 -1.66163003e+00 -1.59981382e+00 -1.53930926e+00
 -1.48011637e+00 -1.42223501e+00 -1.36566520e+00 -1.31040704e+00 -1.25646043e+00
 -1.20382535e+00 -1.15250194e+00 -1.10249007e+00 -1.05378985e+00 -1.00640118e+00
 -9.60324049e-01 -9.15558577e-01 -8.72104645e-01 -8.29962313e-01 -7.89131582e-01
 -7.49612451e-01 -7.11404860e-01 -6.74508870e-01 -6.38924479e-01 -6.04651690e-01
 -5.71690500e-01 -5.40040851e-01 -5.09702802e-01 -4.80676353e-01 -4.52961475e-01
 -4.26558197e-01 -4.01466519e-01 -3.77686411e-01 -3.55217874e-01 -3.34060937e-01
 -3.14215600e-01 -2.95681834e-01 -2.78459668e-01 -2.62549102e-01 -2.47950092e-01
 -2.34662682e-01 -2.22686872e-01 -2.12022632e-01 -2.02669978e-01 -1.94628924e-01
 -1.87899455e-01 -1.82481557e-01 -1.78375259e-01 -1.75580546e-01 -1.74097419e-01
 -1.73925892e-01 -1.75065935e-01 -1.77517578e-01 -1.81280792e-01 -1.86355606e-01
 -4.06183094e+05 -4.03396562e+05 -4.00610031e+05 -3.97823531e+05 -3.95037000e+05
 -3.92250469e+05 -3.89463938e+05 -3.86677406e+05 -3.83890875e+05 -3.81104375e+05
 -3.78317844e+05 -3.75531312e+05 -3.72744781e+05 -3.69958250e+05 -3.67171719e+05
 -3.64385188e+05 -3.61598688e+05 -3.58812156e+05 -3.56025625e+05 -3.53239094e+05
 -3.50452562e+05 -3.47666031e+05 -3.44879531e+05 -3.42093000e+05 -3.39306469e+05
 -3.36519938e+05 -3.33733406e+05 -3.30946875e+05 -3.28160375e+05 -3.25373844e+05
 -3.22587312e+05 -3.19800781e+05 -3.17014250e+05 -3.14227719e+05 -3.11441188e+05
 -3.08654688e+05 -3.05868156e+05 -3.03081625e+05 -3.00295094e+05 -2.97508562e+05
 -2.94722031e+05 -2.91935531e+05 -2.89149000e+05 -2.86362469e+05 -2.83575938e+05
 -2.80789406e+05 -2.78002875e+05 -2.75216375e+05 -2.72429844e+05 -2.69643312e+05
 -2.66856781e+05 -2.64070250e+05 -2.61283734e+05 -2.58497203e+05 -2.55710672e+05
 -2.52924156e+05 -2.50137625e+05 -2.47351094e+05 -2.44564578e+05 -2.41778047e+05
 -2.38991516e+05 -2.36204984e+05 -2.33418469e+05 -2.30631938e+05 -2.27845406e+05
 -7.55600780e-02 -8.34373906e-02 -9.19803679e-02 -1.01190485e-01 -1.11046374e-01
 -1.21311665e-01 -1.31651103e-01 -1.42470986e-01 -1.54911488e-01 -1.55733392e-01
 -1.61436781e-01 -1.70477778e-01 -1.84318632e-01 -1.93493530e-01 -1.93795174e-01
 -2.02087030e-01 -2.04771638e-01 -1.99984416e-01 -2.03394115e-01 -1.98127091e-01
 -1.84849307e-01 -1.76225111e-01 -1.70367539e-01 -1.66446164e-01 -1.64084062e-01
 -1.63152754e-01 -1.63701549e-01 -1.65957674e-01 -1.70377448e-01 -1.77543446e-01
 -1.83685318e-01 -1.82472199e-01 -1.80599570e-01 -1.71125874e-01 -1.60898343e-01
 -1.41973391e-01 -1.22142732e-01 -1.04640529e-01 -8.88286307e-02 -7.41936117e-02
 -6.04047030e-02 -4.72449623e-02 -3.45695578e-02 -2.22815908e-02 -1.03176972e-02
  1.36093702e-03  1.27743594e-02  2.39277612e-02  3.48142758e-02  4.54171635e-02
  5.57117015e-02  6.56669661e-02  7.52477124e-02  8.44162554e-02  9.31345895e-02
  1.01366363e-01  1.09078877e-01  1.16245337e-01  1.22845829e-01  1.28868803e-01
  1.34311572e-01  1.39180094e-01  1.43489063e-01  1.47260383e-01  1.50522083e-01
 -7.71961063e-02 -8.58786628e-02 -9.55657363e-02 -1.06362857e-01 -1.18127204e-01
 -1.30530059e-01 -1.45066202e-01 -1.51525363e-01 -1.58248842e-01 -1.59212038e-01
 -1.62326872e-01 -1.68065771e-01 -1.75742790e-01 -1.81733921e-01 -1.85119793e-01
 -1.89405859e-01 -1.91325426e-01 -1.90480486e-01 -1.90268144e-01 -1.86786488e-01
 -1.80121347e-01 -1.74328893e-01 -1.69890672e-01 -1.66743085e-01 -1.64818242e-01
 -1.64122969e-01 -1.64768025e-01 -1.67006716e-01 -1.71310380e-01 -1.78378284e-01
 -1.84710220e-01 -1.82832152e-01 -1.81213573e-01 -1.71010226e-01 -1.61057711e-01
 -1.41385213e-01 -1.21211477e-01 -1.03376932e-01 -8.71518403e-02 -7.20275417e-02
 -5.76825440e-02 -4.39064763e-02 -3.05588990e-02 -1.75462943e-02 -4.80850413e-03
  7.68952724e-03  1.99629888e-02  3.20106372e-02  4.38172258e-02  5.53554222e-02
  6.65875673e-02  7.74675459e-02  8.79429728e-02  9.79576707e-02  1.07454650e-01
  1.16379246e-01  1.24682456e-01  1.32323757e-01  1.39273927e-01  1.45516708e-01
  1.51049599e-01  1.55883953e-01  1.60043508e-01  1.63562879e-01  1.66485056e-01
 -7.66885504e-02 -8.57440382e-02 -9.61264521e-02 -1.08290859e-01 -1.22950457e-01
 -1.33947372e-01 -1.43176302e-01 -1.47435606e-01 -1.50479391e-01 -1.52051255e-01
 -1.54443949e-01 -1.57912463e-01 -1.61904141e-01 -1.65755898e-01 -1.69060111e-01
 -1.71652734e-01 -1.73300594e-01 -1.73897877e-01 -1.73479497e-01 -1.72003910e-01
 -1.69690758e-01 -1.67081818e-01 -1.64643869e-01 -1.62648290e-01 -1.61239788e-01
 -1.60507306e-01 -1.60522431e-01 -1.61348328e-01 -1.63003176e-01 -1.65207922e-01
 -1.66173846e-01 -1.64039195e-01 -1.59576133e-01 -1.51574954e-01 -1.41062945e-01
 -1.26944214e-01 -1.11338809e-01 -9.59472805e-02 -8.10132027e-02 -6.65028617e-02
 -5.23398593e-02 -3.84496227e-02 -2.47709695e-02 -1.12588471e-02  2.11557862e-03
  1.53655289e-02  2.84892190e-02  4.14703079e-02  5.42782545e-02  6.68687224e-02
  7.91843534e-02  9.11560357e-02  1.02705091e-01  1.13746390e-01  1.24192573e-01
  1.33958995e-01  1.42969146e-01  1.51160315e-01  1.58487648e-01  1.64927632e-01
  1.70479313e-01  1.75163507e-01  1.79020911e-01  1.82107821e-01  1.84491768e-01
 -7.35380426e-02 -8.21414217e-02 -9.19333547e-02 -1.03253826e-01 -1.16109036e-01
 -1.24701008e-01 -1.30002394e-01 -1.33616522e-01 -1.36548772e-01 -1.39558241e-01
 -1.42700210e-01 -1.45981014e-01 -1.49292424e-01 -1.52454004e-01 -1.55278251e-01
 -1.57608598e-01 -1.59336552e-01 -1.60399482e-01 -1.60785541e-01 -1.60549000e-01
 -1.59809515e-01 -1.58737376e-01 -1.57515973e-01 -1.56296626e-01 -1.55180648e-01
 -1.54217631e-01 -1.53402224e-01 -1.52656704e-01 -1.51790634e-01 -1.50446802e-01
 -1.48116127e-01 -1.44330814e-01 -1.38785467e-01 -1.31348848e-01 -1.22041076e-01
 -1.11081116e-01 -9.88882780e-02 -8.59470665e-02 -7.26017803e-02 -5.90424202e-02
 -4.53605540e-02 -3.15955728e-02 -1.77624505e-02 -3.86727392e-03  1.00838300e-02
  2.40792111e-02  3.80979516e-02  5.21069765e-02  6.60586730e-02  7.98889324e-02
  9.35158953e-02  1.06839724e-01  1.19744062e-01  1.32099658e-01  1.43770352e-01
  1.54621735e-01  1.64531246e-01  1.73396930e-01  1.81147963e-01  1.87749490e-01
  1.93205029e-01  1.97555676e-01  2.00872868e-01  2.03252181e-01  2.04803497e-01
 -6.79597706e-02 -7.54346699e-02 -8.36411193e-02 -9.24816579e-02 -1.01391263e-01
 -1.08504966e-01 -1.13865413e-01 -1.18556820e-01 -1.22809850e-01 -1.26770467e-01
 -1.30530417e-01 -1.34121984e-01 -1.37524769e-01 -1.40680090e-01 -1.43513262e-01
 -1.45951867e-01 -1.47936493e-01 -1.49431437e-01 -1.50429666e-01 -1.50951758e-01
 -1.51045725e-01 -1.50778487e-01 -1.50220037e-01 -1.49429187e-01 -1.48441538e-01
 -1.47260129e-01 -1.45847604e-01 -1.44118115e-01 -1.41931355e-01 -1.39096603e-01
 -1.35396630e-01 -1.30624816e-01 -1.24629229e-01 -1.17330872e-01 -1.08742237e-01
 -9.89567786e-02 -8.81369412e-02 -7.64707699e-02 -6.41344041e-02 -5.12669459e-02
 -3.79668064e-02 -2.42993627e-02 -1.03073586e-02  3.97969130e-03  1.85378175e-02
  3.33423503e-02  4.83625010e-02  6.35563284e-02  7.88656622e-02  9.42110494e-02
  1.09486893e-01  1.24557674e-01  1.39256507e-01  1.53388008e-01  1.66736960e-01
  1.79082423e-01  1.90216288e-01  1.99968785e-01  2.08220378e-01  2.14918211e-01
  2.20079720e-01  2.23785043e-01  2.26171032e-01  2.27406994e-01  2.27677673e-01
 -6.06709793e-02 -6.68991730e-02 -7.37086087e-02 -8.08165744e-02 -8.77853110e-02
 -9.42718163e-02 -1.00152612e-01 -1.05492882e-01 -1.10396221e-01 -1.14945211e-01
 -1.19195506e-01 -1.23172820e-01 -1.26876757e-01 -1.30287558e-01 -1.33373529e-01
 -1.36099219e-01 -1.38432980e-01 -1.40351549e-01 -1.41842872e-01 -1.42907396e-01
 -1.43555433e-01 -1.43802926e-01 -1.43665984e-01 -1.43154159e-01 -1.42264262e-01
 -1.40975624e-01 -1.39246374e-01 -1.37011439e-01 -1.34183347e-01 -1.30657613e-01
 -1.26323581e-01 -1.21079765e-01 -1.14847653e-01 -1.07584558e-01 -9.92869362e-02
 -8.99909437e-02 -7.97623917e-02 -6.86848834e-02 -5.68447262e-02 -4.43201698e-02
 -3.11755389e-02 -1.74599588e-02 -3.20924027e-03  1.15506323e-02  2.67992858e-02
  4.25173268e-02  5.86812273e-02  7.52573237e-02  9.21945348e-02  1.09415270e-01
  1.26804441e-01  1.44197121e-01  1.61367312e-01  1.78022742e-01  1.93812609e-01
  2.08356649e-01  2.21291482e-01  2.32301697e-01  2.41181493e-01  2.47845635e-01
  2.52340853e-01  2.54847467e-01  2.55627155e-01  2.55000412e-01  2.53292143e-01
 -5.20235188e-02 -5.67064174e-02 -6.36353940e-02 -7.04893544e-02 -7.69144222e-02
 -8.30538273e-02 -8.88883322e-02 -9.44042951e-02 -9.96089354e-02 -1.04517363e-01
 -1.09141447e-01 -1.13485374e-01 -1.17543943e-01 -1.21303394e-01 -1.24743983e-01
 -1.27843037e-01 -1.30577713e-01 -1.32927507e-01 -1.34875402e-01 -1.36407807e-01
 -1.37513533e-01 -1.38181612e-01 -1.38398543e-01 -1.38145581e-01 -1.37397870e-01
 -1.36123434e-01 -1.34283319e-01 -1.31830618e-01 -1.28711045e-01 -1.24864981e-01
 -1.20232113e-01 -1.14757352e-01 -1.08397335e-01 -1.01124786e-01 -9.29314122e-02
 -8.38268623e-02 -7.38359466e-02 -6.29930422e-02 -5.13363853e-02 -3.89025882e-02
 -2.57226452e-02 -1.18197119e-02  2.79156421e-03  1.81044564e-02  3.41186039e-02
  5.08375727e-02  6.82653412e-02  8.64012092e-02  1.05232082e-01  1.24720633e-01
  1.44786909e-01  1.65280670e-01  1.85943186e-01  2.06365347e-01  2.25967199e-01
  2.44034082e-01  2.59830117e-01  2.72790164e-01  2.82515973e-01  2.88863242e-01
  2.91955978e-01  2.92150527e-01  2.90057451e-01  2.86326230e-01  2.81541020e-01
 -4.58283387e-02 -5.04711159e-02 -5.58421686e-02 -6.16738237e-02 -6.76310584e-02
 -7.35374913e-02 -7.93136507e-02 -8.49163607e-02 -9.03182179e-02 -9.55004320e-02
 -1.00448154e-01 -1.05146945e-01 -1.09580927e-01 -1.13732062e-01 -1.17580295e-01
 -1.21104173e-01 -1.24281652e-01 -1.27090573e-01 -1.29508793e-01 -1.31513596e-01
 -1.33080512e-01 -1.34181529e-01 -1.34782881e-01 -1.34844333e-01 -1.34318292e-01
 -1.33163214e-01 -1.31344423e-01 -1.28835335e-01 -1.25605479e-01 -1.21621773e-01
 -1.16850853e-01 -1.11261576e-01 -1.04827575e-01 -9.75297689e-02 -8.93573612e-02
 -8.03078115e-02 -7.03854039e-02 -5.95989339e-02 -4.79587391e-02 -3.54737304e-02
 -2.21486911e-02 -7.98206590e-03  7.03565497e-03  2.29230616e-02  3.97085175e-02
  5.74304648e-02  7.61372223e-02  9.58859250e-02  1.16739728e-01  1.38761297e-01
  1.61998406e-01  1.86451942e-01  2.12004706e-01  2.38268197e-01  2.64315575e-01
  2.88515687e-01  3.09242427e-01  3.25405955e-01  3.36384296e-01  3.41900289e-01
  3.42040509e-01  3.37585688e-01  3.30051601e-01  3.21018964e-01  3.11518729e-01
 -3.77348736e-02 -4.13923264e-02 -4.72609140e-02 -5.33323213e-02 -5.92209883e-02
 -6.50861710e-02 -7.09115416e-02 -7.66572952e-02 -8.22840109e-02 -8.77569765e-02
 -9.30460244e-02 -9.81244072e-02 -1.02967426e-01 -1.07551470e-01 -1.11853294e-01
 -1.15849636e-01 -1.19516931e-01 -1.22830987e-01 -1.25766426e-01 -1.28295720e-01
 -1.30387589e-01 -1.32004201e-01 -1.33097112e-01 -1.33595988e-01 -1.33399576e-01
 -1.32447854e-01 -1.30713776e-01 -1.28218815e-01 -1.24956600e-01 -1.20916031e-01
 -1.16079830e-01 -1.10429563e-01 -1.03948280e-01 -9.66209471e-02 -8.84353966e-02
 -7.93824345e-02 -6.94552138e-02 -5.86479306e-02 -4.69541252e-02 -3.43646705e-02
 -2.08656024e-02 -6.43592514e-03  8.95465724e-03  2.53481362e-02  4.28009033e-02
  6.13869913e-02  8.12022164e-02  1.02369621e-01  1.25046924e-01  1.49437040e-01
  1.75803155e-01  2.04491615e-01  2.35967055e-01  2.70853966e-01  3.09699476e-01
  3.48473251e-01  3.74952704e-01  3.97860914e-01  4.10297662e-01  4.14038599e-01
  4.10865694e-01  3.93170238e-01  3.74024242e-01  3.56403738e-01  3.40452254e-01
 -3.15267816e-02 -3.53611745e-02 -4.01413254e-02 -4.55944613e-02 -5.13834730e-02
 -5.73313832e-02 -6.33434206e-02 -6.93514198e-02 -7.52995163e-02 -8.11408758e-02
 -8.68360102e-02 -9.23511162e-02 -9.76565480e-02 -1.02725424e-01 -1.07532598e-01
 -1.12053782e-01 -1.16264910e-01 -1.20141573e-01 -1.23658456e-01 -1.26788825e-01
 -1.29503742e-01 -1.31772324e-01 -1.33559465e-01 -1.34836614e-01 -1.35136530e-01
 -1.34437129e-01 -1.32639915e-01 -1.30139202e-01 -1.26850784e-01 -1.22773968e-01
 -1.17895164e-01 -1.12204216e-01 -1.05687939e-01 -9.83327478e-02 -9.01251137e-02
 -8.10516924e-02 -7.10991472e-02 -6.02534600e-02 -4.84985970e-02 -3.58148851e-02
 -2.21771169e-02 -7.55232666e-03  8.10277928e-03  2.48449203e-02  4.27481234e-02
  6.19088002e-02  8.24526995e-02  1.04544804e-01  1.28403857e-01  1.54324770e-01
  1.82714567e-01  2.14153349e-01  2.49502942e-01  2.90097415e-01  3.37788880e-01
  3.89324546e-01  4.24530119e-01  4.52586383e-01  4.69076723e-01  4.71873045e-01
  4.67564285e-01  4.42117006e-01  4.11604345e-01  3.85083437e-01  3.62869382e-01
 -2.31720693e-02 -2.63953488e-02 -3.15869972e-02 -3.75310071e-02 -4.36512493e-02
 -4.99577746e-02 -5.63745052e-02 -6.28217012e-02 -6.92330822e-02 -7.55560473e-02
 -8.17485675e-02 -8.77760872e-02 -9.36091766e-02 -9.92217287e-02 -1.04589656e-01
 -1.09689936e-01 -1.14499934e-01 -1.18996859e-01 -1.23157427e-01 -1.26957476e-01
 -1.30372539e-01 -1.33375764e-01 -1.35947198e-01 -1.37635186e-01 -1.38390169e-01
 -1.38173461e-01 -1.36946574e-01 -1.34696618e-01 -1.31313056e-01 -1.27206698e-01
 -1.22287683e-01 -1.16559312e-01 -1.10015176e-01 -1.02639958e-01 -9.44167525e-02
 -8.53290334e-02 -7.53601342e-02 -6.44922182e-02 -5.27052209e-02 -3.99754904e-02
 -2.62739863e-02 -1.15642846e-02  4.19980474e-03  2.10771691e-02  3.91431004e-02
  5.84941059e-02  7.92543814e-02  1.01584695e-01  1.25694767e-01  1.51860744e-01
  1.80449724e-01  2.11952850e-01  2.47025698e-01  2.86531359e-01  3.31629515e-01
  3.83938849e-01  4.31841254e-01  4.56641704e-01  4.82413143e-01  4.83642668e-01
  4.81968969e-01  4.64076310e-01  4.28948939e-01  3.97700280e-01  3.72305363e-01
 -1.49348658e-02 -1.81400497e-02 -2.30185371e-02 -2.91086435e-02 -3.58244106e-02
 -4.28266786e-02 -4.99304719e-02 -5.70316277e-02 -6.40664250e-02 -7.09915385e-02
 -7.77745172e-02 -8.43890309e-02 -9.08123329e-02 -9.70237255e-02 -1.03003547e-01
 -1.08732522e-01 -1.14191227e-01 -1.19359754e-01 -1.24217473e-01 -1.28743544e-01
 -1.32914796e-01 -1.36714414e-01 -1.39704466e-01 -1.41834572e-01 -1.43062279e-01
 -1.43345639e-01 -1.42644942e-01 -1.40921623e-01 -1.38136327e-01 -1.34276584e-01
 -1.29235357e-01 -1.23460010e-01 -1.16901793e-01 -1.09523363e-01 -1.01302661e-01
 -9.22200382e-02 -8.22575092e-02 -7.13975877e-02 -5.96214198e-02 -4.69070747e-02
 -3.32283936e-02 -1.85534097e-02 -2.84262700e-03  1.39529631e-02  3.18942443e-02
  5.10568582e-02  7.15347007e-02  9.34440941e-02  1.16928697e-01  1.42164782e-01
  1.69366166e-01  1.98787212e-01  2.30721354e-01  2.65495211e-01  3.03485185e-01
  3.45463961e-01  3.94958884e-01  4.22403067e-01  4.38663751e-01  4.58332479e-01
  4.45776403e-01  4.49122190e-01  4.16428655e-01  3.86500597e-01  3.64235610e-01
 -2.88723456e-03 -5.27855521e-03 -1.14079574e-02 -1.95019990e-02 -2.78735440e-02
 -3.61246765e-02 -4.42174859e-02 -5.21525629e-02 -5.99280037e-02 -6.75378293e-02
 -7.49735683e-02 -8.22253004e-02 -8.92820284e-02 -9.61318687e-02 -1.02761954e-01
 -1.09158412e-01 -1.15306139e-01 -1.21188700e-01 -1.26788601e-01 -1.32085532e-01
 -1.37064844e-01 -1.41301826e-01 -1.44746825e-01 -1.47356316e-01 -1.49085298e-01
 -1.49889693e-01 -1.49726108e-01 -1.48551837e-01 -1.46323055e-01 -1.42991573e-01
 -1.38497055e-01 -1.32778302e-01 -1.26298875e-01 -1.18964650e-01 -1.10776149e-01
 -1.01719499e-01 -9.17852595e-02 -8.09609741e-02 -6.92329258e-02 -5.65861352e-02
 -4.30024415e-02 -2.84599382e-02 -1.29323844e-02  3.61150480e-03  2.12087333e-02
  3.99025083e-02  5.97423948e-02  8.07837099e-02  1.03085503e-01  1.26705900e-01
  1.51692912e-01  1.78067163e-01  2.05790475e-01  2.34707370e-01  2.64426023e-01
  2.94040233e-01  3.21676880e-01  3.44339490e-01  3.60915124e-01  3.71364772e-01
  3.74884516e-01  3.72745007e-01  3.64745408e-01  3.53470325e-01  3.41582358e-01
  1.13902222e-02  1.12718474e-02  5.23581868e-04 -1.12588787e-02 -2.13584900e-02
 -3.07790767e-02 -3.98093127e-02 -4.85541970e-02 -5.70615195e-02 -6.53556436e-02
 -7.34489337e-02 -8.13466012e-02 -8.90490413e-02 -9.65532362e-02 -1.03853449e-01
 -1.10941648e-01 -1.17807537e-01 -1.24438159e-01 -1.30816519e-01 -1.36929601e-01
 -1.42365426e-01 -1.47075400e-01 -1.51015878e-01 -1.54140875e-01 -1.56404704e-01
 -1.57762006e-01 -1.58168197e-01 -1.57579616e-01 -1.55953899e-01 -1.53250858e-01
 -1.49433225e-01 -1.44471213e-01 -1.38364732e-01 -1.30998999e-01 -1.22851364e-01
 -1.13823950e-01 -1.03922829e-01 -9.31408182e-02 -8.14760923e-02 -6.89226687e-02
 -5.54728173e-02 -4.11171131e-02 -2.58447789e-02 -9.64436587e-03  7.49542052e-03
  2.55846288e-02  4.46300693e-02  6.46320134e-02  8.55789036e-02  1.07439063e-01
  1.30147859e-01  1.53588355e-01  1.77562535e-01  2.01750413e-01  2.25657836e-01
  2.48570934e-01  2.69559264e-01  2.87761092e-01  3.02445799e-01  3.13143104e-01
  3.19899440e-01  3.22774291e-01  3.22466016e-01  3.19679439e-01  3.15310031e-01
  1.05717918e-02  8.49749334e-03  1.84720522e-03 -7.55955325e-03 -1.76123455e-02
 -2.75381953e-02 -3.71867232e-02 -4.65599298e-02 -5.56856655e-02 -6.45898134e-02
 -7.32914954e-02 -8.18033367e-02 -9.01326016e-02 -9.82824191e-02 -1.06252745e-01
 -1.14041142e-01 -1.21642768e-01 -1.29049376e-01 -1.36246502e-01 -1.42832786e-01
 -1.48759589e-01 -1.53983071e-01 -1.58456624e-01 -1.62133455e-01 -1.64966509e-01
 -1.66909143e-01 -1.67915732e-01 -1.67942151e-01 -1.66946486e-01 -1.64889589e-01
 -1.61736116e-01 -1.57455966e-01 -1.52021363e-01 -1.45404130e-01 -1.37606204e-01
 -1.28512114e-01 -1.18630774e-01 -1.07869901e-01 -9.62499529e-02 -8.37811083e-02
 -7.04639852e-02 -5.62987365e-02 -4.12882045e-02 -2.54386868e-02 -8.76074098e-03
  8.72891117e-03  2.70049237e-02  4.60296571e-02  6.57479241e-02  8.60798880e-02
  1.06911659e-01  1.28083572e-01  1.49376631e-01  1.70499578e-01  1.91081718e-01
  2.10681275e-01  2.28824019e-01  2.45031610e-01  2.58930475e-01  2.70295709e-01
  2.79013097e-01  2.85211176e-01  2.89085209e-01  2.91009396e-01  2.91382194e-01
  2.15392858e-02  2.19151601e-02  8.35993513e-03 -4.79110051e-03 -1.58798024e-02
 -2.63401475e-02 -3.64455171e-02 -4.62808087e-02 -5.58889098e-02 -6.52987435e-02
 -7.45311081e-02 -8.36004987e-02 -9.25162286e-02 -1.01283662e-01 -1.09905578e-01
 -1.18384346e-01 -1.26726553e-01 -1.34949952e-01 -1.42638862e-01 -1.49735928e-01
 -1.56195268e-01 -1.61970094e-01 -1.67013258e-01 -1.71276659e-01 -1.74711794e-01
 -1.77270427e-01 -1.78905249e-01 -1.79570600e-01 -1.79223150e-01 -1.77822620e-01
 -1.75332263e-01 -1.71719119e-01 -1.66954622e-01 -1.61013678e-01 -1.53873757e-01
 -1.45512745e-01 -1.35942414e-01 -1.25057250e-01 -1.13421381e-01 -1.01001777e-01
 -8.77816528e-02 -7.37659112e-02 -5.89665435e-02 -4.34030332e-02 -2.71028634e-02
 -1.01012932e-02  7.55648920e-03  2.58122999e-02  4.45912555e-02  6.37972057e-02
  8.33076462e-02  1.02968529e-01  1.22590050e-01  1.41944975e-01  1.60771683e-01
  1.78784266e-01  1.95689186e-01  2.11217374e-01  2.25139588e-01  2.37290502e-01
  2.47599050e-01  2.56059378e-01  2.62764305e-01  2.67849654e-01  2.71494955e-01
  1.26731936e-02  1.03520080e-02  3.46262311e-03 -6.25234330e-03 -1.67577658e-02
 -2.72515323e-02 -3.75616848e-02 -4.76810969e-02 -5.76327220e-02 -6.74395412e-02
 -7.71190524e-02 -8.66830572e-02 -9.61382389e-02 -1.05486676e-01 -1.14725985e-01
 -1.23849154e-01 -1.32840917e-01 -1.41679451e-01 -1.49933577e-01 -1.57590985e-01
 -1.64619997e-01 -1.70980096e-01 -1.76625356e-01 -1.81506962e-01 -1.85574681e-01
 -1.88777968e-01 -1.91067025e-01 -1.92393661e-01 -1.92712098e-01 -1.91979647e-01
 -1.90157250e-01 -1.87209889e-01 -1.83106497e-01 -1.77819818e-01 -1.71326190e-01
 -1.63603082e-01 -1.54624999e-01 -1.44353196e-01 -1.32751957e-01 -1.20409884e-01
 -1.07250705e-01 -9.33141857e-02 -7.86278397e-02 -6.32303283e-02 -4.71623912e-02
 -3.04711517e-02 -1.32119590e-02  4.54945443e-03  2.27341130e-02  4.12473269e-02
  5.99763989e-02  7.87888616e-02  9.75318179e-02  1.16033174e-01  1.34105310e-01
  1.51551798e-01  1.68177202e-01  1.83796540e-01  1.98249474e-01  2.11409599e-01
  2.23186746e-01  2.33537406e-01  2.42452368e-01  2.49961182e-01  2.56118745e-01
  1.95243936e-02  1.94078237e-02  5.14289876e-03 -8.16814601e-03 -1.93346422e-02
 -2.99461577e-02 -4.03305329e-02 -5.05892113e-02 -6.07631281e-02 -7.08724856e-02
 -8.09282735e-02 -9.09361318e-02 -1.00897662e-01 -1.10810809e-01 -1.20669328e-01
 -1.30461171e-01 -1.40175238e-01 -1.49431691e-01 -1.58180743e-01 -1.66380107e-01
 -1.73985630e-01 -1.80949658e-01 -1.87221542e-01 -1.92748472e-01 -1.97476462e-01
 -2.01351300e-01 -2.04319552e-01 -2.06329510e-01 -2.07331970e-01 -2.07281142e-01
 -2.06135184e-01 -2.03856826e-01 -2.00413629e-01 -1.95778191e-01 -1.89928055e-01
 -1.82845756e-01 -1.74519479e-01 -1.64943889e-01 -1.54125109e-01 -1.42106861e-01
 -1.28799617e-01 -1.14817731e-01 -1.00094631e-01 -8.46943334e-02 -6.86733127e-02
 -5.20822890e-02 -3.49770337e-02 -1.74224507e-02  5.07138378e-04  1.87267326e-02
  3.71397510e-02  5.56377955e-02  7.41010234e-02  9.23994705e-02  1.10395454e-01
  1.27947018e-01  1.44912139e-01  1.61153719e-01  1.76543176e-01  1.90963790e-01
  2.04313815e-01  2.16505125e-01  2.27466136e-01  2.37139702e-01  2.45485857e-01
  4.61682631e-03  1.53779751e-03 -5.28766355e-03 -1.43485973e-02 -2.41845120e-02
 -3.42677087e-02 -4.44566570e-02 -5.47115207e-02 -6.50177449e-02 -7.53678605e-02
 -8.57567042e-02 -9.61798877e-02 -1.06633067e-01 -1.17111005e-01 -1.27605870e-01
 -1.38104230e-01 -1.48238331e-01 -1.57960802e-01 -1.67226136e-01 -1.75985560e-01
 -1.84187844e-01 -1.91779137e-01 -1.98703289e-01 -2.04902470e-01 -2.10317805e-01
 -2.14890435e-01 -2.18562335e-01 -2.21277341e-01 -2.22982094e-01 -2.23626897e-01
 -2.23166540e-01 -2.21560985e-01 -2.18775898e-01 -2.14783162e-01 -2.09561184e-01
 -2.03095168e-01 -1.95377335e-01 -1.86407700e-01 -1.76195085e-01 -1.64753377e-01
 -1.52098119e-01 -1.38283789e-01 -1.23233147e-01 -1.07621558e-01 -9.14513990e-02
 -7.47459531e-02 -5.75551391e-02 -3.99368629e-02 -2.19570715e-02 -3.68860969e-03
  1.47892851e-02  3.33908722e-02  5.20245768e-02  7.05938265e-02  8.89981613e-02
  1.07134439e-01  1.24897845e-01  1.42182171e-01  1.58879459e-01  1.74878195e-01
  1.90060258e-01  2.04298437e-01  2.17454523e-01  2.29382977e-01  2.39941359e-01
 -1.09825656e-03 -4.60308557e-03 -1.14292074e-02 -2.01277100e-02 -2.95078810e-02
 -3.92811932e-02 -4.93346117e-02 -5.96021712e-02 -7.00432211e-02 -8.06316212e-02
 -9.13496614e-02 -1.02185071e-01 -1.13130271e-01 -1.24184661e-01 -1.35360062e-01
 -1.46273583e-01 -1.56869531e-01 -1.67100891e-01 -1.76917836e-01 -1.86267942e-01
 -1.95095599e-01 -2.03342155e-01 -2.10946470e-01 -2.17845470e-01 -2.23975092e-01
 -2.29271144e-01 -2.33670369e-01 -2.37111419e-01 -2.39535972e-01 -2.40889698e-01
 -2.41123199e-01 -2.40192845e-01 -2.38061517e-01 -2.34699130e-01 -2.30083078e-01
 -2.24198490e-01 -2.17038274e-01 -2.08602861e-01 -1.98899329e-01 -1.87940657e-01
 -1.75742015e-01 -1.62315562e-01 -1.47658288e-01 -1.31770298e-01 -1.15352757e-01
 -9.83553827e-02 -8.08602944e-02 -6.29373118e-02 -4.46460173e-02 -2.60464251e-02
 -7.20187416e-03  1.18225627e-02  3.09603028e-02  5.01439571e-02  6.93056732e-02
  8.83770809e-02  1.07288465e-01  1.25966549e-01  1.44330308e-01  1.62283927e-01
  1.79706559e-01  1.96438953e-01  2.12270424e-01  2.26933017e-01  2.40111262e-01
 -4.64870455e-03 -8.20579007e-03 -1.58143789e-02 -2.50079297e-02 -3.45063135e-02
 -4.43219766e-02 -5.44460192e-02 -6.48482293e-02 -7.54986852e-02 -8.63723457e-02
 -9.74486023e-02 -1.08709469e-01 -1.20137081e-01 -1.31709203e-01 -1.43399596e-01
 -1.54809967e-01 -1.65923670e-01 -1.76704988e-01 -1.87108099e-01 -1.97079986e-01
 -2.06562221e-01 -2.15492204e-01 -2.23803997e-01 -2.31429338e-01 -2.38298655e-01
 -2.44342029e-01 -2.49490395e-01 -2.53676593e-01 -2.56836712e-01 -2.58910984e-01
 -2.59845048e-01 -2.59590834e-01 -2.58107454e-01 -2.55361885e-01 -2.51329303e-01
 -2.45993599e-01 -2.39347190e-01 -2.31390819e-01 -2.22132966e-01 -2.11588800e-01
 -1.99779347e-01 -1.86731249e-01 -1.72476843e-01 -1.57059476e-01 -1.40563339e-01
 -1.22925185e-01 -1.04880035e-01 -8.64336863e-02 -6.76094219e-02 -4.84528653e-02
 -2.90109571e-02 -9.33074951e-03  1.05440496e-02  3.05735953e-02  5.07223941e-02
  7.09592551e-02  9.12563950e-02  1.11587144e-01  1.31920949e-01  1.52213886e-01
  1.72391251e-01  1.92316875e-01  2.11742505e-01  2.30242342e-01  2.47193798e-01
 -9.59951058e-03 -1.38334800e-02 -2.08966788e-02 -2.97108740e-02 -3.92521694e-02
 -4.92225699e-02 -5.95461242e-02 -7.01907724e-02 -8.11345726e-02 -9.23593193e-02
 -1.03849202e-01 -1.15589596e-01 -1.27564743e-01 -1.39754459e-01 -1.51805371e-01
 -1.63666442e-01 -1.75293103e-01 -1.86637744e-01 -1.97647601e-01 -2.08264574e-01
 -2.18425557e-01 -2.28063062e-01 -2.37106010e-01 -2.45480597e-01 -2.53111362e-01
 -2.59922326e-01 -2.65838057e-01 -2.70785153e-01 -2.74693370e-01 -2.77496964e-01
 -2.79135853e-01 -2.79556870e-01 -2.78714478e-01 -2.76571840e-01 -2.73101270e-01
 -2.68284589e-01 -2.62113124e-01 -2.54587680e-01 -2.45717764e-01 -2.35521078e-01
 -2.24022359e-01 -2.11252242e-01 -1.97245955e-01 -1.82041824e-01 -1.65671915e-01
 -1.48147941e-01 -1.29479796e-01 -1.10419907e-01 -9.09081101e-02 -7.10206032e-02
 -5.08137494e-02 -3.03226393e-02 -9.57160722e-03  1.14256088e-02  3.26657891e-02
  5.41573055e-02  7.59214014e-02  9.79932398e-02  1.20422132e-01  1.43269926e-01
  1.66604787e-01  1.90483540e-01  2.14895964e-01  2.39555389e-01  2.63106883e-01
 -1.09593095e-02 -1.48140835e-02 -2.35999059e-02 -3.36086564e-02 -4.36096825e-02
 -5.38881458e-02 -6.45063892e-02 -7.54698068e-02 -8.67713317e-02 -9.84020904e-02
 -1.10355012e-01 -1.22628093e-01 -1.35230482e-01 -1.47799805e-01 -1.60281852e-01
 -1.72629893e-01 -1.84795082e-01 -1.96724921e-01 -2.08362073e-01 -2.19644010e-01
 -2.30503008e-01 -2.40866691e-01 -2.50658691e-01 -2.59799480e-01 -2.68207520e-01
 -2.75800377e-01 -2.82496065e-01 -2.88214356e-01 -2.92878330e-01 -2.96415597e-01
 -2.98759937e-01 -2.99852222e-01 -2.99641877e-01 -2.98087597e-01 -2.95158118e-01
 -2.90832728e-01 -2.85101175e-01 -2.77963847e-01 -2.69430935e-01 -2.59521991e-01
 -2.48264626e-01 -2.35693380e-01 -2.21848175e-01 -2.06772432e-01 -1.90512389e-01
 -1.73116013e-01 -1.54638126e-01 -1.35172009e-01 -1.14647955e-01 -9.38374773e-02
 -7.27336183e-02 -5.13437055e-02 -2.96654068e-02 -7.68721197e-03  1.46165602e-02
  3.72895822e-02  6.03982806e-02  8.40380713e-02  1.08341902e-01  1.33492753e-01
  1.59743577e-01  1.87454239e-01  2.17182010e-01  2.50046045e-01  2.91144997e-01
 -1.62287317e-02 -2.10829154e-02 -2.85383817e-02 -3.77509780e-02 -4.77888174e-02
 -5.83159588e-02 -6.92507923e-02 -8.05716515e-02 -9.22688171e-02 -1.04334511e-01
 -1.16760083e-01 -1.29532427e-01 -1.42626405e-01 -1.55668259e-01 -1.68643102e-01
 -1.81517810e-01 -1.94248676e-01 -2.06783906e-01 -2.19064534e-01 -2.31025085e-01
 -2.42594048e-01 -2.53694534e-01 -2.64245063e-01 -2.74160475e-01 -2.83353031e-01
 -2.91733801e-01 -2.99213856e-01 -3.05705994e-01 -3.11126202e-01 -3.15395176e-01
 -3.18439931e-01 -3.20195168e-01 -3.20604652e-01 -3.19622189e-01 -3.17212552e-01
 -3.13351929e-01 -3.08028311e-01 -3.01241189e-01 -2.93001235e-01 -2.83329457e-01
 -2.72256047e-01 -2.59819061e-01 -2.46062726e-01 -2.31035531e-01 -2.14788064e-01
 -1.97370976e-01 -1.78832844e-01 -1.59210280e-01 -1.38514370e-01 -1.16755106e-01
 -9.47384462e-02 -7.24501759e-02 -4.98812906e-02 -2.70066187e-02 -3.78471194e-03
  1.98477320e-02  4.39821966e-02  6.87469766e-02  9.43195671e-02  1.20944604e-01
  1.48959696e-01  1.78830966e-01  2.11197302e-01  2.46942461e-01  2.87606478e-01
 -1.55884745e-02 -1.97411887e-02 -3.00230924e-02 -4.08785120e-02 -5.14810793e-02
 -6.23839647e-02 -7.36848861e-02 -8.53988901e-02 -9.75251868e-02 -1.10062174e-01
 -1.23012334e-01 -1.36387765e-01 -1.49839014e-01 -1.63315371e-01 -1.76777482e-01
 -1.90183997e-01 -2.03487709e-01 -2.16634408e-01 -2.29562744e-01 -2.42204294e-01
 -2.54483938e-01 -2.66320556e-01 -2.77627707e-01 -2.88314670e-01 -2.98287690e-01
 -3.07451129e-01 -3.15709293e-01 -3.22967708e-01 -3.29135180e-01 -3.34125161e-01
 -3.37857783e-01 -3.40261251e-01 -3.41273338e-01 -3.40842724e-01 -3.38929892e-01
 -3.35507780e-01 -3.30562234e-01 -3.24091792e-01 -3.16107333e-01 -3.06631297e-01
 -2.95696408e-01 -2.83344179e-01 -2.69623220e-01 -2.54586816e-01 -2.38290817e-01
 -2.20790625e-01 -2.02137917e-01 -1.82377651e-01 -1.61542952e-01 -1.39651999e-01
 -1.16722226e-01 -9.35780928e-02 -7.01997429e-02 -4.65672016e-02 -2.26394199e-02
  1.64647202e-03  2.63790991e-02  5.16796000e-02  7.77116269e-02  1.04696073e-01
  1.32932618e-01  1.62831426e-01  1.94951698e-01  2.29943454e-01  2.67199904e-01
 -2.15731077e-02 -2.70167477e-02 -3.48029807e-02 -4.43343744e-02 -5.48766218e-02
 -6.60530403e-02 -7.77285248e-02 -8.98594558e-02 -1.02431782e-01 -1.15440011e-01
 -1.28876835e-01 -1.42723501e-01 -1.56623170e-01 -1.70566440e-01 -1.84526816e-01
 -1.98466897e-01 -2.12340191e-01 -2.26091802e-01 -2.39658639e-01 -2.52969772e-01
 -2.65946835e-01 -2.78504729e-01 -2.90552348e-01 -3.01993668e-01 -3.12728912e-01
 -3.22656155e-01 -3.31672728e-01 -3.39677155e-01 -3.46570909e-01 -3.52260351e-01
 -3.56658518e-01 -3.59687001e-01 -3.61277640e-01 -3.61373752e-01 -3.59931469e-01
 -3.56920362e-01 -3.52324009e-01 -3.46139967e-01 -3.38379323e-01 -3.29065979e-01
 -3.18235368e-01 -3.05932850e-01 -2.92211801e-01 -2.77131408e-01 -2.60754257e-01
 -2.43143469e-01 -2.24360108e-01 -2.04460070e-01 -1.83491722e-01 -1.61494628e-01
 -1.38493702e-01 -1.14514343e-01 -9.04053226e-02 -6.61568940e-02 -4.17372994e-02
 -1.70980319e-02  7.82520510e-03  3.31140868e-02  5.88710532e-02  8.52235556e-02
  1.12329446e-01  1.40385687e-01  1.69649646e-01  2.00494960e-01  2.33102381e-01
 -2.01577190e-02 -2.49886531e-02 -3.46572325e-02 -4.59597781e-02 -5.73989525e-02
 -6.91537410e-02 -8.13105777e-02 -9.39009339e-02 -1.06943063e-01 -1.20455697e-01
 -1.34465456e-01 -1.48639426e-01 -1.62934855e-01 -1.77319765e-01 -1.91760063e-01
 -2.06215560e-01 -2.20638320e-01 -2.34972149e-01 -2.49152228e-01 -2.63105363e-01
 -2.76750267e-01 -2.89998144e-01 -3.02753538e-01 -3.14915389e-01 -3.26378375e-01
 -3.37034315e-01 -3.46774071e-01 -3.55489224e-01 -3.63074243e-01 -3.69428396e-01
 -3.74457926e-01 -3.78077954e-01 -3.80214334e-01 -3.80805194e-01 -3.79802257e-01
 -3.77171844e-01 -3.72895300e-01 -3.66969198e-01 -3.59404922e-01 -3.50227982e-01
 -3.39476585e-01 -3.27200264e-01 -3.13457668e-01 -2.98314452e-01 -2.81840712e-01
 -2.64108360e-01 -2.45188430e-01 -2.25148454e-01 -2.04050109e-01 -1.81947351e-01
 -1.58887282e-01 -1.34908840e-01 -1.10072315e-01 -8.53195414e-02 -6.05817847e-02
 -3.58148068e-02 -1.09845744e-02  1.39398575e-02  3.89858261e-02  6.41709119e-02
  8.94890055e-02  1.14881478e-01  1.40176013e-01  1.64958745e-01  1.88379228e-01
 -2.23356523e-02 -2.77033038e-02 -3.68599705e-02 -4.80054133e-02 -5.97650222e-02
 -7.19324276e-02 -8.45081136e-02 -9.75143388e-02 -1.10974208e-01 -1.24910243e-01
 -1.39345780e-01 -1.53920934e-01 -1.68626547e-01 -1.83442503e-01 -1.98339805e-01
 -2.13280544e-01 -2.28217617e-01 -2.43094578e-01 -2.57845581e-01 -2.72395670e-01
 -2.86660969e-01 -3.00549448e-01 -3.13961744e-01 -3.26792210e-01 -3.38930279e-01
 -3.50262135e-01 -3.60672444e-01 -3.70046347e-01 -3.78271699e-01 -3.85241121e-01
 -3.90854388e-01 -3.95020485e-01 -3.97659510e-01 -3.98704678e-01 -3.98103535e-01
 -3.95819247e-01 -3.91831100e-01 -3.86134744e-01 -3.78741950e-01 -3.69679838e-01
 -3.58989567e-01 -3.46724778e-01 -3.32949579e-01 -3.17736238e-01 -3.01162571e-01
 -2.83309281e-01 -2.64257073e-01 -2.44083673e-01 -2.22860500e-01 -2.00648770e-01
 -1.77493334e-01 -1.53413445e-01 -1.28376514e-01 -1.03391953e-01 -7.85021782e-02
 -5.37400320e-02 -2.91251931e-02 -4.67762072e-03  1.95725579e-02  4.35735881e-02
  6.72368109e-02  9.04155821e-02  1.12878434e-01  1.34284303e-01  1.54184133e-01
 -2.32525375e-02 -2.86588036e-02 -3.82632501e-02 -4.98590767e-02 -6.19673021e-02
 -7.44674206e-02 -8.73800293e-02 -1.00730062e-01 -1.14540286e-01 -1.28831401e-01
 -1.43622771e-01 -1.58558786e-01 -1.73636511e-01 -1.88842088e-01 -2.04150692e-01
 -2.19526827e-01 -2.34924495e-01 -2.50287354e-01 -2.65548795e-01 -2.80632406e-01
 -2.95452118e-01 -3.09913129e-01 -3.23912561e-01 -3.37340683e-01 -3.50082368e-01
 -3.62018645e-01 -3.73028666e-01 -3.82991731e-01 -3.91789734e-01 -3.99309248e-01
 -4.05444145e-01 -4.10097718e-01 -4.13185000e-01 -4.14634556e-01 -4.14390177e-01
 -4.12412077e-01 -4.08677638e-01 -4.03181762e-01 -3.95936579e-01 -3.86970788e-01
 -3.76328319e-01 -3.64066869e-01 -3.50255758e-01 -3.34973603e-01 -3.18305850e-01
 -3.00341994e-01 -2.81172872e-01 -2.60887980e-01 -2.39572868e-01 -2.17306718e-01
 -1.94160789e-01 -1.70197636e-01 -1.45476028e-01 -1.20076105e-01 -9.49490964e-02
 -7.01442137e-02 -4.56991605e-02 -2.16514785e-02  1.94924430e-03  2.50325464e-02
  4.74991389e-02  6.92136288e-02  8.99999663e-02  1.09643765e-01  1.27906516e-01
 -2.43009906e-02 -2.97477972e-02 -3.97315584e-02 -5.16704172e-02 -6.40258864e-02
 -7.67666847e-02 -8.99344087e-02 -1.03557326e-01 -1.17656127e-01 -1.32242411e-01
 -1.47311941e-01 -1.62532479e-01 -1.77911118e-01 -1.93437919e-01 -2.09089711e-01
 -2.24831685e-01 -2.40617901e-01 -2.56391585e-01 -2.72085309e-01 -2.87621170e-01
 -3.02911311e-01 -3.17858428e-01 -3.32356691e-01 -3.46292973e-01 -3.59548181e-01
 -3.71998996e-01 -3.83519799e-01 -3.93984944e-01 -4.03271139e-01 -4.11259770e-01
 -4.17839557e-01 -4.22908962e-01 -4.26378429e-01 -4.28172588e-01 -4.28231865e-01
 -4.26513970e-01 -4.22994584e-01 -4.17667866e-01 -4.10546333e-01 -4.01659995e-01
 -3.91055286e-01 -3.78793478e-01 -3.64948422e-01 -3.49604487e-01 -3.32853824e-01
 -3.14793736e-01 -2.95524120e-01 -2.75144875e-01 -2.53753781e-01 -2.31444806e-01
 -2.08307311e-01 -1.84427008e-01 -1.59889162e-01 -1.34783462e-01 -1.09231837e-01
 -8.42804238e-02 -5.99044859e-02 -3.61160897e-02 -1.29534956e-02  9.52252094e-03
  3.12296003e-02  5.20644523e-02  7.19051063e-02  9.06162485e-02  1.08058564e-01
 -2.65880767e-02 -3.24560739e-02 -4.19614650e-02 -5.35573289e-02 -6.59251660e-02
 -7.87904710e-02 -9.21312422e-02 -1.05966523e-01 -1.20324872e-01 -1.35243386e-01
 -1.50410697e-01 -1.65796682e-01 -1.81382164e-01 -1.97145432e-01 -2.13057846e-01
 -2.29081944e-01 -2.45170280e-01 -2.61264950e-01 -2.77297437e-01 -2.93188542e-01
 -3.08848798e-01 -3.24178964e-01 -3.39070916e-01 -3.53408784e-01 -3.67070317e-01
 -3.79928738e-01 -3.91854703e-01 -4.02718604e-01 -4.12392944e-01 -4.20754969e-01
 -4.27689284e-01 -4.33090329e-01 -4.36864942e-01 -4.38934475e-01 -4.39236641e-01
 -4.37726945e-01 -4.34379727e-01 -4.29188490e-01 -4.22165900e-01 -4.13343042e-01
 -4.02768284e-01 -3.90505612e-01 -3.76632601e-01 -3.61238003e-01 -3.44419241e-01
 -3.26279640e-01 -3.06925714e-01 -2.86464691e-01 -2.65001893e-01 -2.42638767e-01
 -2.19470888e-01 -1.95586413e-01 -1.71064228e-01 -1.45971507e-01 -1.20352529e-01
 -9.53816101e-02 -7.10699335e-02 -4.74434420e-02 -2.45425049e-02 -2.42130738e-03
  1.88531186e-02  3.92026417e-02  5.85409552e-02  7.67780915e-02  9.38265249e-02
 -2.62185913e-02 -3.15915868e-02 -4.24237028e-02 -5.48960157e-02 -6.74671084e-02
 -8.04202333e-02 -9.38570946e-02 -1.07814461e-01 -1.22316822e-01 -1.37389362e-01
 -1.52687639e-01 -1.68209627e-01 -1.83943704e-01 -1.99870124e-01 -2.15960547e-01
 -2.32177213e-01 -2.48472244e-01 -2.64787227e-01 -2.81053007e-01 -2.97189504e-01
 -3.13106209e-01 -3.28702599e-01 -3.43868881e-01 -3.58487278e-01 -3.72433454e-01
 -3.85578185e-01 -3.97789508e-01 -4.08934981e-01 -4.18884158e-01 -4.27511305e-01
 -4.34698045e-01 -4.40335989e-01 -4.44329262e-01 -4.46596831e-01 -4.47074324e-01
 -4.45715696e-01 -4.42494065e-01 -4.37402397e-01 -4.30453360e-01 -4.21678603e-01
 -4.11127716e-01 -3.98866504e-01 -3.84974957e-01 -3.69544744e-01 -3.52676779e-01
 -3.34478319e-01 -3.15060109e-01 -2.94533849e-01 -2.73009241e-01 -2.50591695e-01
 -2.27379456e-01 -2.03461230e-01 -1.78912744e-01 -1.53793022e-01 -1.28141701e-01
 -1.03149198e-01 -7.88495317e-02 -5.52815944e-02 -3.24901007e-02 -1.05261672e-02
  1.05524799e-02  3.06825042e-02  4.97971773e-02  6.78296909e-02  8.47173035e-02
 -3.02884597e-02 -3.66565548e-02 -4.56053913e-02 -5.65555580e-02 -6.86846226e-02
 -8.15551132e-02 -9.50181559e-02 -1.09036788e-01 -1.23612434e-01 -1.38760835e-01
 -1.54133603e-01 -1.69730172e-01 -1.85541794e-01 -2.01550901e-01 -2.17730388e-01
 -2.34043255e-01 -2.50441968e-01 -2.66868234e-01 -2.83252746e-01 -2.99515247e-01
 -3.15564722e-01 -3.31300050e-01 -3.46610665e-01 -3.61377895e-01 -3.75476241e-01
 -3.88775229e-01 -4.01141465e-01 -4.12440985e-01 -4.22541767e-01 -4.31316406e-01
 -4.38644797e-01 -4.44416940e-01 -4.48535413e-01 -4.50917661e-01 -4.51498121e-01
 -4.50229555e-01 -4.47084397e-01 -4.42054987e-01 -4.35153753e-01 -4.26412493e-01
 -4.15881127e-01 -4.03626204e-01 -3.89728755e-01 -3.74281794e-01 -3.57387811e-01
 -3.39155912e-01 -3.19698900e-01 -2.99130678e-01 -2.77563453e-01 -2.55105138e-01
 -2.31856897e-01 -2.07910269e-01 -1.83343485e-01 -1.58214539e-01 -1.32545382e-01
 -1.07461914e-01 -8.30767676e-02 -5.94495237e-02 -3.66270393e-02 -1.46567551e-02
  6.40934007e-03  2.65147109e-02  4.56002317e-02  6.36072457e-02  8.04812536e-02
 -2.60998309e-02 -3.11583038e-02 -4.30037901e-02 -5.60675822e-02 -6.88702166e-02
 -8.19792822e-02 -9.55429375e-02 -1.09611399e-01 -1.24213673e-01 -1.39375448e-01
 -1.54752716e-01 -1.70348004e-01 -1.86154902e-01 -2.02157542e-01 -2.18330160e-01
 -2.34636664e-01 -2.51030177e-01 -2.67452836e-01 -2.83835739e-01 -3.00098807e-01
 -3.16151232e-01 -3.31892014e-01 -3.47210675e-01 -3.61988574e-01 -3.76100212e-01
 -3.89415026e-01 -4.01799560e-01 -4.13119674e-01 -4.23243135e-01 -4.32042241e-01
 -4.39396590e-01 -4.45195854e-01 -4.49342161e-01 -4.51752573e-01 -4.52360988e-01
 -4.51119781e-01 -4.48000818e-01 -4.42996025e-01 -4.36117321e-01 -4.27395999e-01
 -4.16881621e-01 -4.04640257e-01 -3.90752494e-01 -3.75311077e-01 -3.58418018e-01
 -3.40182155e-01 -3.20716053e-01 -3.00133497e-01 -2.78546900e-01 -2.56065279e-01
 -2.32792825e-01 -2.08828792e-01 -1.84270263e-01 -1.59221545e-01 -1.33819461e-01
 -1.08296037e-01 -8.36549774e-02 -5.98437637e-02 -3.68637405e-02 -1.47445649e-02
  6.46737777e-03  2.67152619e-02  4.59365062e-02  6.40672520e-02  8.10470358e-02
 -2.90232319e-02 -3.50589491e-02 -4.46136892e-02 -5.63243106e-02 -6.89056441e-02
 -8.20006654e-02 -9.55619812e-02 -1.09606542e-01 -1.24163039e-01 -1.39261797e-01
 -1.54562935e-01 -1.70071855e-01 -1.85784131e-01 -2.01685324e-01 -2.17750624e-01
 -2.33944669e-01 -2.50221252e-01 -2.66523093e-01 -2.82781869e-01 -2.98918188e-01
 -3.14841986e-01 -3.30453038e-01 -3.45641851e-01 -3.60290796e-01 -3.74275386e-01
 -3.87466311e-01 -3.99731278e-01 -4.10937369e-01 -4.20953512e-01 -4.29653227e-01
 -4.36917156e-01 -4.42635894e-01 -4.46712375e-01 -4.49064285e-01 -4.49625880e-01
 -4.48349655e-01 -4.45207357e-01 -4.40190494e-01 -4.33310270e-01 -4.24596995e-01
 -4.14098918e-01 -4.01880562e-01 -3.88020694e-01 -3.72609854e-01 -3.55747819e-01
 -3.37540686e-01 -3.18098187e-01 -2.97530890e-01 -2.75947511e-01 -2.53452629e-01
 -2.30144113e-01 -2.06110567e-01 -1.81427851e-01 -1.56151906e-01 -1.30302176e-01
 -1.04985930e-01 -8.03213939e-02 -5.63650951e-02 -3.31650265e-02 -1.07746469e-02
  1.07425041e-02  3.13124694e-02  5.08530959e-02  6.92782551e-02  8.65037739e-02
 -2.71225739e-02 -3.24589275e-02 -4.32640575e-02 -5.58845885e-02 -6.86374232e-02
 -8.17029551e-02 -9.51735750e-02 -1.09098122e-01 -1.23514816e-01 -1.38458744e-01
 -1.53592587e-01 -1.68923438e-01 -1.84447408e-01 -2.00150207e-01 -2.16007158e-01
 -2.31983110e-01 -2.48032182e-01 -2.64097691e-01 -2.80111998e-01 -2.95996785e-01
 -3.11663151e-01 -3.27012450e-01 -3.41936857e-01 -3.56320620e-01 -3.70041549e-01
 -3.82972568e-01 -3.94983888e-01 -4.05945122e-01 -4.15727854e-01 -4.24208015e-01
 -4.31268752e-01 -4.36802804e-01 -4.40715104e-01 -4.42924917e-01 -4.43367720e-01
 -4.41996753e-01 -4.38783944e-01 -4.33720529e-01 -4.26816791e-01 -4.18101579e-01
 -4.07621056e-01 -3.95437151e-01 -3.81625414e-01 -3.66272688e-01 -3.49474460e-01
 -3.31332117e-01 -3.11950147e-01 -2.91433334e-01 -2.69884259e-01 -2.47400880e-01
 -2.24074200e-01 -1.99986354e-01 -1.75208256e-01 -1.49796650e-01 -1.23789541e-01
 -9.83546749e-02 -7.35064745e-02 -4.92758974e-02 -2.57074535e-02 -2.86186812e-03
  1.91815123e-02  4.03237715e-02  6.04479276e-02  7.94240758e-02  9.71187577e-02
 -2.88099218e-02 -3.45597528e-02 -4.42185253e-02 -5.59715293e-02 -6.83846697e-02
 -8.12136307e-02 -9.44549069e-02 -1.08140253e-01 -1.22307226e-01 -1.36993721e-01
 -1.51865989e-01 -1.66927800e-01 -1.82172522e-01 -1.97583869e-01 -2.13136032e-01
 -2.28793323e-01 -2.44509920e-01 -2.60229617e-01 -2.75885701e-01 -2.91401088e-01
 -3.06688696e-01 -3.21651846e-01 -3.36185247e-01 -3.50175977e-01 -3.63505006e-01
 -3.76048684e-01 -3.87680858e-01 -3.98274958e-01 -4.07706350e-01 -4.15854871e-01
 -4.22607243e-01 -4.27859634e-01 -4.31519985e-01 -4.33510095e-01 -4.33767408e-01
 -4.32246506e-01 -4.28919941e-01 -4.23778653e-01 -4.16831970e-01 -4.08106863e-01
 -3.97646815e-01 -3.85510206e-01 -3.71768296e-01 -3.56502742e-01 -3.39803189e-01
 -3.21764350e-01 -3.02483320e-01 -2.82056868e-01 -2.60578811e-01 -2.38137886e-01
 -2.14815885e-01 -1.90687433e-01 -1.65822595e-01 -1.40295967e-01 -1.14208147e-01
 -8.86292830e-02 -6.35266155e-02 -3.89037095e-02 -1.47920810e-02  8.74909293e-03
  3.16288583e-02  5.37190065e-02  7.48503804e-02  9.48151574e-02  1.13379903e-01
 -2.87770741e-02 -3.42499427e-02 -4.40907851e-02 -5.58701940e-02 -6.80423528e-02
 -8.05436447e-02 -9.34298187e-02 -1.06749065e-01 -1.20544598e-01 -1.34862438e-01
 -1.49389669e-01 -1.64105773e-01 -1.78993046e-01 -1.94030896e-01 -2.09191799e-01
 -2.24439546e-01 -2.39728436e-01 -2.55002916e-01 -2.70197421e-01 -2.85236537e-01
 -3.00035328e-01 -3.14499766e-01 -3.28527778e-01 -3.42010051e-01 -3.54831547e-01
 -3.66873145e-01 -3.78013343e-01 -3.88130456e-01 -3.97104830e-01 -4.04821187e-01
 -4.11171079e-01 -4.16054994e-01 -4.19384927e-01 -4.21086013e-01 -4.21098351e-01
 -4.19378400e-01 -4.15899575e-01 -4.10652876e-01 -4.03646469e-01 -3.94905269e-01
 -3.84469628e-01 -3.72393727e-01 -3.58743608e-01 -3.43594730e-01 -3.27029586e-01
 -3.09134692e-01 -2.89997995e-01 -2.69706011e-01 -2.48340920e-01 -2.25977868e-01
 -2.02681616e-01 -1.78501472e-01 -1.53461248e-01 -1.27542064e-01 -1.01761244e-01
 -7.61945769e-02 -5.08614071e-02 -2.57727522e-02 -9.48886736e-04  2.35670283e-02
  4.76934873e-02  7.12902173e-02  9.41330492e-02  1.15893073e-01  1.36143982e-01
 -2.97870524e-02 -3.51535752e-02 -4.47571166e-02 -5.61036468e-02 -6.77455738e-02
 -7.97162801e-02 -9.20904428e-02 -1.04905598e-01 -1.18182935e-01 -1.31932408e-01
 -1.46141052e-01 -1.60480291e-01 -1.74954548e-01 -1.89551741e-01 -2.04247549e-01
 -2.19007090e-01 -2.33785525e-01 -2.48528317e-01 -2.63171405e-01 -2.77641386e-01
 -2.91855842e-01 -3.05724084e-01 -3.19147676e-01 -3.32021743e-01 -3.44236076e-01
 -3.55676740e-01 -3.66227895e-01 -3.75773668e-01 -3.84200305e-01 -3.91398400e-01
 -3.97265077e-01 -4.01706219e-01 -4.04638410e-01 -4.05990958e-01 -4.05707181e-01
 -4.03745830e-01 -4.00081575e-01 -3.94705564e-01 -3.87624949e-01 -3.78862470e-01
 -3.68455023e-01 -3.56452316e-01 -3.42914671e-01 -3.27910781e-01 -3.11515123e-01
 -2.93805242e-01 -2.74858892e-01 -2.54751354e-01 -2.33552814e-01 -2.11326495e-01
 -1.88127652e-01 -1.64004877e-01 -1.39006734e-01 -1.13175146e-01 -8.75006169e-02
 -6.19027652e-02 -3.63289379e-02 -1.07356319e-02  1.49137629e-02  4.06435616e-02
  6.64518178e-02  9.22811180e-02  1.17956370e-01  1.43054381e-01  1.66707769e-01
 -3.32369991e-02 -3.91303785e-02 -4.71159257e-02 -5.67432158e-02 -6.73472732e-02
 -7.85915107e-02 -9.03595164e-02 -1.02616176e-01 -1.15354627e-01 -1.28579110e-01
 -1.42301098e-01 -1.56159207e-01 -1.70142248e-01 -1.84230268e-01 -1.98394895e-01
 -2.12599337e-01 -2.26798281e-01 -2.40937799e-01 -2.54955232e-01 -2.68779367e-01
 -2.82330841e-01 -2.95522481e-01 -3.08260322e-01 -3.20444316e-01 -3.31969768e-01
 -3.42728704e-01 -3.52611572e-01 -3.61509055e-01 -3.69314045e-01 -3.75923634e-01
 -3.81241351e-01 -3.85178894e-01 -3.87658268e-01 -3.88613313e-01 -3.87991041e-01
 -3.85752857e-01 -3.81874949e-01 -3.76348823e-01 -3.69180739e-01 -3.60391289e-01
 -3.50014031e-01 -3.38094056e-01 -3.24685931e-01 -3.09851497e-01 -2.93657213e-01
 -2.76171237e-01 -2.57460535e-01 -2.37587720e-01 -2.16607735e-01 -1.94565371e-01
 -1.71493918e-01 -1.47416607e-01 -1.22351646e-01 -9.71804410e-02 -7.19045699e-02
 -4.64788042e-02 -2.08350830e-02  5.11414045e-03  3.14772204e-02  5.83862811e-02
  8.60015079e-02  1.14518397e-01  1.44186676e-01  1.75364241e-01  2.08232775e-01
 -3.01057510e-02 -3.48897986e-02 -4.51277643e-02 -5.56258820e-02 -6.60215989e-02
 -7.68090561e-02 -8.80583078e-02 -9.97780934e-02 -1.11970708e-01 -1.24644272e-01
 -1.37818739e-01 -1.51151240e-01 -1.64602429e-01 -1.78139195e-01 -1.91727474e-01
 -2.05328330e-01 -2.18896136e-01 -2.32377827e-01 -2.45712548e-01 -2.58831739e-01
 -2.71659374e-01 -2.84112483e-01 -2.96101779e-01 -3.07532698e-01 -3.18306565e-01
 -3.28321844e-01 -3.37475806e-01 -3.45666170e-01 -3.52792978e-01 -3.58760387e-01
 -3.63478601e-01 -3.66865724e-01 -3.68849427e-01 -3.69368404e-01 -3.68373692e-01
 -3.65829527e-01 -3.61713916e-01 -3.56018782e-01 -3.48749697e-01 -3.39925259e-01
 -3.29575896e-01 -3.17742378e-01 -3.04473996e-01 -2.89826244e-01 -2.73858398e-01
 -2.56630450e-01 -2.38199919e-01 -2.18617782e-01 -1.97924018e-01 -1.76140264e-01
 -1.53257966e-01 -1.29220024e-01 -1.04955465e-01 -8.04845840e-02 -5.57747148e-02
 -3.07633970e-02 -5.35745127e-03  2.05708072e-02  4.71918955e-02  7.47328699e-02
  1.03498273e-01  1.33901417e-01  1.66503534e-01  2.01958746e-01  2.39672646e-01
 -3.24594751e-02 -3.79100852e-02 -4.54033725e-02 -5.43613136e-02 -6.41219243e-02
 -7.44152069e-02 -8.51694793e-02 -9.63661969e-02 -1.07999191e-01 -1.20064616e-01
 -1.32555187e-01 -1.45444065e-01 -1.58382326e-01 -1.71358928e-01 -1.84348568e-01
 -1.97316170e-01 -2.10218534e-01 -2.23004848e-01 -2.35616952e-01 -2.47989520e-01
 -2.60050386e-01 -2.71721095e-01 -2.82917619e-01 -2.93551207e-01 -3.03529501e-01
 -3.12757850e-01 -3.21140587e-01 -3.28582853e-01 -3.34992021e-01 -3.40279520e-01
 -3.44362527e-01 -3.47165674e-01 -3.48622411e-01 -3.48676503e-01 -3.47282946e-01
 -3.44409019e-01 -3.40034455e-01 -3.34151864e-01 -3.26766133e-01 -3.17894042e-01
 -3.07563186e-01 -2.95810461e-01 -2.82680541e-01 -2.68223703e-01 -2.52493739e-01
 -2.35545173e-01 -2.17430666e-01 -1.98198080e-01 -1.77886054e-01 -1.56523108e-01
 -1.34134188e-01 -1.10735364e-01 -8.72521475e-02 -6.35855868e-02 -3.96567136e-02
 -1.53788505e-02  9.35604516e-03  3.46894339e-02  6.08100742e-02  8.79726633e-02
  1.16523974e-01  1.46938339e-01  1.79860219e-01  2.16163695e-01  2.57236272e-01
 -2.89494116e-02 -3.33507694e-02 -4.22439463e-02 -5.19135930e-02 -6.15246072e-02
 -7.14500025e-02 -8.17580596e-02 -9.24606621e-02 -1.03558719e-01 -1.15052640e-01
 -1.26946628e-01 -1.39256105e-01 -1.51625991e-01 -1.64014116e-01 -1.76384076e-01
 -1.88697994e-01 -2.00913221e-01 -2.12980926e-01 -2.24845782e-01 -2.36446023e-01
 -2.47713700e-01 -2.58575261e-01 -2.68952161e-01 -2.78761715e-01 -2.87918121e-01
 -2.96333700e-01 -3.03920090e-01 -3.10589790e-01 -3.16257685e-01 -3.20842415e-01
 -3.24268103e-01 -3.26465815e-01 -3.27374727e-01 -3.26943487e-01 -3.25131088e-01
 -3.21907580e-01 -3.17254484e-01 -3.11164856e-01 -3.03642958e-01 -2.94703811e-01
 -2.84372181e-01 -2.72681415e-01 -2.59671986e-01 -2.45389685e-01 -2.29883775e-01
 -2.13205248e-01 -1.95404291e-01 -1.76526934e-01 -1.56613231e-01 -1.35676622e-01
 -1.13710187e-01 -9.15408731e-02 -6.91787526e-02 -4.65957969e-02 -2.37465948e-02
 -5.69367956e-04  2.30183732e-02  4.71263975e-02  7.19008371e-02  9.75373015e-02
  1.24301583e-01  1.52567849e-01  1.82911575e-01  2.16483027e-01  2.58473277e-01
 -2.93420255e-02 -3.42240371e-02 -4.11802903e-02 -4.95348647e-02 -5.85790835e-02
 -6.80652931e-02 -7.79300332e-02 -8.81539211e-02 -9.87278000e-02 -1.09645516e-01
 -1.20901443e-01 -1.32486224e-01 -1.44371971e-01 -1.56197831e-01 -1.67951912e-01
 -1.79607525e-01 -1.91127345e-01 -2.02466428e-01 -2.13573083e-01 -2.24389523e-01
 -2.34852389e-01 -2.44893208e-01 -2.54439086e-01 -2.63413578e-01 -2.71737486e-01
 -2.79330075e-01 -2.86110222e-01 -2.91997761e-01 -2.96914726e-01 -3.00786912e-01
 -3.03545117e-01 -3.05126429e-01 -3.05475563e-01 -3.04545730e-01 -3.02299529e-01
 -2.98709571e-01 -2.93758780e-01 -2.87440389e-01 -2.79757828e-01 -2.70724058e-01
 -2.60360926e-01 -2.48697996e-01 -2.35771373e-01 -2.21622288e-01 -2.06295773e-01
 -1.89838246e-01 -1.72299042e-01 -1.53740540e-01 -1.34239987e-01 -1.13729641e-01
 -9.29976329e-02 -7.20600709e-02 -5.09210043e-02 -2.95786597e-02 -8.02112650e-03
  1.37748756e-02  3.58449407e-02  5.82378767e-02  8.10160339e-02  1.04253843e-01
  1.28032327e-01  1.52422562e-01  1.77432820e-01  2.02807903e-01  2.27325439e-01
 -2.58435253e-02 -2.99218073e-02 -3.75286341e-02 -4.62730676e-02 -5.51498011e-02
 -6.43108338e-02 -7.37847984e-02 -8.35655853e-02 -9.36430767e-02 -1.04010247e-01
 -1.14664949e-01 -1.25611946e-01 -1.36869743e-01 -1.48075968e-01 -1.59193739e-01
 -1.70183659e-01 -1.81005716e-01 -1.91615477e-01 -2.01963857e-01 -2.11996838e-01
 -2.21655592e-01 -2.30876848e-01 -2.39593491e-01 -2.47735202e-01 -2.55229384e-01
 -2.62002081e-01 -2.67979175e-01 -2.73087442e-01 -2.77255863e-01 -2.80416846e-01
 -2.82507390e-01 -2.83470273e-01 -2.83255070e-01 -2.81819135e-01 -2.79128194e-01
 -2.75156885e-01 -2.69889027e-01 -2.63317674e-01 -2.55444765e-01 -2.46280774e-01
 -2.35843942e-01 -2.24159464e-01 -2.11258605e-01 -1.97177172e-01 -1.81952596e-01
 -1.65621847e-01 -1.48200184e-01 -1.29681706e-01 -1.10841088e-01 -9.16175619e-02
 -7.21130520e-02 -5.23840748e-02 -3.24738398e-02 -1.24144638e-02  7.76964752e-03
  2.80599501e-02  4.84417975e-02  6.89013898e-02  8.94202217e-02  1.09965228e-01
  1.30470961e-01  1.50808200e-01  1.70731649e-01  1.89806998e-01  2.07352057e-01
 -2.44987719e-02 -2.86785327e-02 -3.51360887e-02 -4.30011898e-02 -5.14763445e-02
 -6.03243336e-02 -6.94598034e-02 -7.88422152e-02 -8.84512812e-02 -9.82771218e-02
 -1.08315490e-01 -1.18564934e-01 -1.29023641e-01 -1.39679298e-01 -1.50193423e-01
 -1.60538137e-01 -1.70676246e-01 -1.80567846e-01 -1.90168098e-01 -1.99427709e-01
 -2.08292961e-01 -2.16706067e-01 -2.24605709e-01 -2.31927678e-01 -2.38605738e-01
 -2.44572461e-01 -2.49760300e-01 -2.54102588e-01 -2.57534623e-01 -2.59994864e-01
 -2.61425853e-01 -2.61775374e-01 -2.60997325e-01 -2.59052426e-01 -2.55908906e-01
 -2.51542866e-01 -2.45938420e-01 -2.39087641e-01 -2.30990380e-01 -2.21653745e-01
 -2.11091667e-01 -1.99323997e-01 -1.86375663e-01 -1.72278881e-01 -1.57083124e-01
 -1.40857279e-01 -1.23539433e-01 -1.05882108e-01 -8.79129767e-02 -6.96586147e-02
 -5.11675626e-02 -3.24973725e-02 -1.37050450e-02  5.15352190e-03  2.40237582e-02
  4.28516604e-02  6.15820959e-02  8.01556632e-02  9.85038429e-02  1.16540983e-01
  1.34153292e-01  1.51184738e-01  1.67422980e-01  1.82594359e-01  1.96383953e-01
 -2.09937748e-02 -2.46872529e-02 -3.09548266e-02 -3.89125235e-02 -4.74666394e-02
 -5.62410466e-02 -6.51574731e-02 -7.42003247e-02 -8.33677500e-02 -9.26614925e-02
 -1.02084108e-01 -1.11637667e-01 -1.21322758e-01 -1.31138474e-01 -1.41076997e-01
 -1.50794342e-01 -1.60264984e-01 -1.69453159e-01 -1.78320095e-01 -1.86822042e-01
 -1.94910824e-01 -2.02534288e-01 -2.09636837e-01 -2.16160178e-01 -2.22044036e-01
 -2.27227122e-01 -2.31647909e-01 -2.35245660e-01 -2.37961337e-01 -2.39738613e-01
 -2.40524843e-01 -2.40271971e-01 -2.38937318e-01 -2.36484334e-01 -2.32882962e-01
 -2.28110060e-01 -2.22149357e-01 -2.14991480e-01 -2.06633359e-01 -1.97077930e-01
 -1.86332643e-01 -1.74407989e-01 -1.61316261e-01 -1.47054061e-01 -1.31603807e-01
 -1.15685895e-01 -9.92481112e-02 -8.23966414e-02 -6.52018338e-02 -4.77305017e-02
 -3.00526060e-02 -1.22414930e-02  5.62556786e-03  2.34684385e-02  4.12047841e-02
  5.87505400e-02  7.60198906e-02  9.29248482e-02  1.09372824e-01  1.25264496e-01
  1.40489519e-01  1.54923022e-01  1.68424338e-01  1.80839404e-01  1.92010313e-01
 -1.37111768e-02 -1.49826072e-02 -2.44106054e-02 -3.46814916e-02 -4.37655784e-02
 -5.25573492e-02 -6.12645373e-02 -6.99559003e-02 -7.86632523e-02 -8.74056518e-02
 -9.61960852e-02 -1.05043568e-01 -1.13953851e-01 -1.22929662e-01 -1.31972581e-01
 -1.41076729e-01 -1.49889365e-01 -1.58386528e-01 -1.66534320e-01 -1.74295530e-01
 -1.81627959e-01 -1.88484728e-01 -1.94815353e-01 -2.00566888e-01 -2.05684587e-01
 -2.10112646e-01 -2.13795021e-01 -2.16676131e-01 -2.18701765e-01 -2.19819903e-01
 -2.19981626e-01 -2.19141990e-01 -2.17260838e-01 -2.14303389e-01 -2.10240811e-01
 -2.05050126e-01 -1.98714390e-01 -1.91221714e-01 -1.82565168e-01 -1.72743142e-01
 -1.61763519e-01 -1.49636075e-01 -1.36394456e-01 -1.21957615e-01 -1.07012026e-01
 -9.15774256e-02 -7.56779388e-02 -5.93642965e-02 -4.27029207e-02 -2.57685781e-02
 -8.64468794e-03  8.57650395e-03  2.57947184e-02  4.29027975e-02  5.97886108e-02
  7.63375834e-02  9.24357027e-02  1.07971169e-01  1.22839086e-01  1.36940122e-01
  1.50182649e-01  1.62482336e-01  1.73760936e-01  1.83949724e-01  1.92990690e-01
 -1.65506452e-02 -1.95041280e-02 -2.53644120e-02 -3.31495218e-02 -4.15096693e-02
 -4.99009974e-02 -5.82103506e-02 -6.64383397e-02 -7.46071264e-02 -8.27391446e-02
 -9.08527523e-02 -9.89616960e-02 -1.07075423e-01 -1.15199730e-01 -1.23337068e-01
 -1.31489009e-01 -1.39650136e-01 -1.47459045e-01 -1.54895797e-01 -1.61932871e-01
 -1.68530881e-01 -1.74646780e-01 -1.80234343e-01 -1.85244933e-01 -1.89628705e-01
 -1.93334892e-01 -1.96312323e-01 -1.98509932e-01 -1.99877292e-01 -2.00365528e-01
 -1.99928045e-01 -1.98521629e-01 -1.96107358e-01 -1.92651555e-01 -1.88125476e-01
 -1.82505667e-01 -1.75774083e-01 -1.67920098e-01 -1.58926576e-01 -1.48780271e-01
 -1.37491450e-01 -1.24957770e-01 -1.11797832e-01 -9.79371816e-02 -8.34568292e-02
 -6.84090480e-02 -5.28470203e-02 -3.68319787e-02 -2.04352178e-02 -3.74071673e-03
  1.31535633e-02  3.01348083e-02  4.70752902e-02  6.38338551e-02  8.02593082e-02
  9.61958468e-02  1.11489713e-01  1.26001313e-01  1.39604285e-01  1.52201086e-01
  1.63720340e-01  1.74118116e-01  1.83380157e-01  1.91509515e-01  1.98529288e-01
 -1.14359464e-02 -1.11329360e-02 -2.18687244e-02 -3.19195762e-02 -4.03959490e-02
 -4.84313406e-02 -5.62345870e-02 -6.38778731e-02 -7.14026988e-02 -7.88392574e-02
 -8.62102360e-02 -9.35318768e-02 -1.00814752e-01 -1.08064532e-01 -1.15283005e-01
 -1.22468784e-01 -1.29620835e-01 -1.36734679e-01 -1.43449396e-01 -1.49777770e-01
 -1.55667305e-01 -1.61074340e-01 -1.65951908e-01 -1.70255199e-01 -1.73939526e-01
 -1.76959574e-01 -1.79269075e-01 -1.80820897e-01 -1.81567475e-01 -1.81461379e-01
 -1.80456191e-01 -1.78507775e-01 -1.75576031e-01 -1.71626911e-01 -1.66635305e-01
 -1.60573468e-01 -1.53423786e-01 -1.45204172e-01 -1.35857493e-01 -1.25248045e-01
 -1.13940842e-01 -1.01842836e-01 -8.90061930e-02 -7.54559264e-02 -6.12274073e-02
 -4.63639870e-02 -3.09145525e-02 -1.49372891e-02  1.49646075e-03  1.82986073e-02
  3.53603363e-02  5.25484085e-02  6.97026327e-02  8.66357610e-02  1.03137583e-01
  1.18984722e-01  1.33957893e-01  1.47846401e-01  1.60497129e-01  1.71794459e-01
  1.81688905e-01  1.90193862e-01  1.97361484e-01  2.03298599e-01  2.08123028e-01
 -1.89209431e-02 -2.14606430e-02 -2.67693158e-02 -3.37696001e-02 -4.11668047e-02
 -4.84476984e-02 -5.55241108e-02 -6.24183938e-02 -6.91687614e-02 -7.58079588e-02
 -8.23597908e-02 -8.88396874e-02 -9.52558666e-02 -1.01610288e-01 -1.07899278e-01
 -1.14113726e-01 -1.20237835e-01 -1.26248375e-01 -1.32100329e-01 -1.37825683e-01
 -1.43050522e-01 -1.47790909e-01 -1.51994377e-01 -1.55622214e-01 -1.58639058e-01
 -1.61007673e-01 -1.62687764e-01 -1.63636103e-01 -1.63806945e-01 -1.63152322e-01
 -1.61622450e-01 -1.59166709e-01 -1.55736953e-01 -1.51297972e-01 -1.45849943e-01
 -1.39324009e-01 -1.31576255e-01 -1.23111524e-01 -1.13804482e-01 -1.03608936e-01
 -9.25846919e-02 -8.07496831e-02 -6.81227222e-02 -5.47241010e-02 -4.05770838e-02
 -2.57085878e-02 -1.01522179e-02  6.04854012e-03  2.28358358e-02  4.01313677e-02
  5.78287542e-02  7.57843032e-02  9.38071385e-02  1.11650892e-01  1.29011989e-01
  1.45540938e-01  1.60866007e-01  1.74689204e-01  1.86722383e-01  1.96838588e-01
  2.05009669e-01  2.11314425e-01  2.15978339e-01  2.19233185e-01  2.21364543e-01
 -1.87777206e-02 -1.90935973e-02 -2.77250186e-02 -3.64434719e-02 -4.34998684e-02
 -4.99639958e-02 -5.61184585e-02 -6.20810352e-02 -6.79131150e-02 -7.36494437e-02
 -7.93093070e-02 -8.49017948e-02 -9.04285014e-02 -9.58850235e-02 -1.01261616e-01
 -1.06543392e-01 -1.11710295e-01 -1.16736449e-01 -1.21592499e-01 -1.26247823e-01
 -1.30650282e-01 -1.34828806e-01 -1.38385594e-01 -1.41350418e-01 -1.43716976e-01
 -1.45461202e-01 -1.46549344e-01 -1.46941617e-01 -1.46593571e-01 -1.45455956e-01
 -1.43472627e-01 -1.40575096e-01 -1.36669964e-01 -1.31609410e-01 -1.25851691e-01
 -1.19271047e-01 -1.11812405e-01 -1.03515014e-01 -9.43738595e-02 -8.43832344e-02
 -7.35461041e-02 -6.18668608e-02 -4.93495874e-02 -3.59972455e-02 -2.18127687e-02
 -6.80040335e-03  9.03264340e-03  2.56731361e-02  4.30969968e-02  6.12619407e-02
  8.00962672e-02  9.94822159e-02  1.19231775e-01  1.39053836e-01  1.58517420e-01
  1.77037477e-01  1.93957344e-01  2.08523974e-01  2.20415458e-01  2.29347721e-01
  2.35342726e-01  2.38689482e-01  2.39734277e-01  2.39194617e-01  2.37659276e-01
 -3.08944341e-02 -3.35877538e-02 -3.79036181e-02 -4.29913215e-02 -4.80752960e-02
 -5.30307591e-02 -5.78978956e-02 -6.27129972e-02 -6.74937740e-02 -7.22458512e-02
 -7.69676194e-02 -8.16527158e-02 -8.62910748e-02 -9.08693075e-02 -9.53706577e-02
 -9.97747928e-02 -1.04057364e-01 -1.08189762e-01 -1.12138100e-01 -1.15862831e-01
 -1.19317167e-01 -1.22444384e-01 -1.25145912e-01 -1.27366737e-01 -1.29064053e-01
 -1.30198136e-01 -1.30729154e-01 -1.30616263e-01 -1.29817322e-01 -1.28289148e-01
 -1.25988141e-01 -1.22871786e-01 -1.18903451e-01 -1.14065818e-01 -1.08407870e-01
 -1.01927042e-01 -9.46143195e-02 -8.64651129e-02 -7.74736106e-02 -6.76319599e-02
 -5.69321066e-02 -4.53638770e-02 -3.29143964e-02 -1.95674375e-02 -5.30273188e-03
  9.90447029e-03  2.60832477e-02  4.32661660e-02  6.14870191e-02  8.07761028e-02
  1.01151213e-01  1.22601211e-01  1.45056084e-01  1.68330178e-01  1.92000508e-01
  2.15122148e-01  2.35813305e-01  2.52749890e-01  2.65068352e-01  2.72656590e-01
  2.75585234e-01  2.74051934e-01  2.69126803e-01  2.62400717e-01  2.55523235e-01
 -4.24469747e-02 -4.61212881e-02 -4.85850461e-02 -5.08762896e-02 -5.36606722e-02
 -5.68480752e-02 -6.02900349e-02 -6.38916492e-02 -6.75942376e-02 -7.13580847e-02
 -7.51532093e-02 -7.89545253e-02 -8.27391744e-02 -8.64848271e-02 -9.01684538e-02
 -9.37653556e-02 -9.72483605e-02 -1.00587070e-01 -1.03747338e-01 -1.06690504e-01
 -1.09372452e-01 -1.11743748e-01 -1.13750957e-01 -1.15343437e-01 -1.16474718e-01
 -1.17101006e-01 -1.17179967e-01 -1.16670243e-01 -1.15531355e-01 -1.13724165e-01
 -1.11211784e-01 -1.07961163e-01 -1.03945524e-01 -9.91475359e-02 -9.35586244e-02
 -8.71702582e-02 -7.99720660e-02 -7.19535276e-02 -6.31022677e-02 -5.34039363e-02
 -4.28413264e-02 -3.13934162e-02 -1.90338753e-02 -5.72932092e-03  8.56263936e-03
  2.38957256e-02  4.03377786e-02  5.79739735e-02  7.69104362e-02  9.72778425e-02
  1.19234249e-01  1.42965600e-01  1.68682337e-01  1.96614876e-01  2.27053985e-01
  2.60918528e-01  3.00143510e-01  3.10901254e-01  3.29316497e-01  3.32901150e-01
  3.29619527e-01  3.28392714e-01  3.02306026e-01  2.84423977e-01  2.70869941e-01
 -5.09120189e-02 -5.52696884e-02 -5.62368035e-02 -5.68049103e-02 -5.82190193e-02
 -6.01766519e-02 -6.24986701e-02 -6.50742352e-02 -6.78262338e-02 -7.06978813e-02
 -7.36455098e-02 -7.66339004e-02 -7.96330720e-02 -8.26158896e-02 -8.55563357e-02
 -8.84280950e-02 -9.12034810e-02 -9.38526168e-02 -9.63427871e-02 -9.86380950e-02
 -1.00699365e-01 -1.02484383e-01 -1.03948519e-01 -1.05046995e-01 -1.05735458e-01
 -1.05970316e-01 -1.05708875e-01 -1.04909517e-01 -1.03532024e-01 -1.01538166e-01
 -9.88923609e-02 -9.55625772e-02 -9.15211365e-02 -8.67451504e-02 -8.12164098e-02
 -7.49186128e-02 -6.78364858e-02 -5.99546880e-02 -5.12569547e-02 -4.17247899e-02
 -3.13361846e-02 -2.00639255e-02 -7.87366182e-03  5.27856918e-03  1.94494538e-02
  3.47124748e-02  5.11633568e-02  6.89275041e-02  8.81704167e-02  1.09112173e-01
  1.32047474e-01  1.57371491e-01  1.85608670e-01  2.17444822e-01  2.53853828e-01
  2.95591533e-01  3.24335545e-01  3.43995541e-01  3.59612226e-01  3.58456165e-01
  3.58022690e-01  3.37902904e-01  3.13518494e-01  2.93180496e-01  2.77023941e-01
 -5.35212643e-02 -5.73212393e-02 -5.92351370e-02 -6.02107011e-02 -6.12126105e-02
 -6.25047311e-02 -6.40874505e-02 -6.59071431e-02 -6.79067299e-02 -7.00366199e-02
 -7.22558126e-02 -7.45304823e-02 -7.68319219e-02 -7.91345835e-02 -8.14143121e-02
 -8.36469382e-02 -8.58071074e-02 -8.78674835e-02 -8.97981226e-02 -9.15661976e-02
 -9.31359008e-02 -9.44686905e-02 -9.55238342e-02 -9.62589681e-02 -9.66307893e-02
 -9.65955853e-02 -9.61097702e-02 -9.51303765e-02 -9.36157107e-02 -9.15260017e-02
 -8.88241753e-02 -8.54764953e-02 -8.14531520e-02 -7.67283961e-02 -7.12802485e-02
 -6.50897920e-02 -5.81401698e-02 -5.04154675e-02 -4.18993905e-02 -3.25738564e-02
 -2.24173497e-02 -1.14030866e-02  5.03171701e-04  1.33457575e-02  2.71824244e-02
  4.20887284e-02  5.81640638e-02  7.55402893e-02  9.43945497e-02  1.14969276e-01
  1.37604728e-01  1.62795126e-01  1.91289574e-01  2.24249423e-01  2.62807727e-01
  2.99079150e-01  3.22773576e-01  3.43464017e-01  3.51428568e-01  3.53596598e-01
  3.45532715e-01  3.24564844e-01  3.03694934e-01  2.86194056e-01  2.71704793e-01
 -5.86323999e-02 -6.33511469e-02 -6.31482005e-02 -6.26635924e-02 -6.30814135e-02
 -6.39108717e-02 -6.50061071e-02 -6.62947744e-02 -6.77262545e-02 -6.92615882e-02
 -7.08704889e-02 -7.25290477e-02 -7.42175803e-02 -7.59186074e-02 -7.76150674e-02
 -7.92889446e-02 -8.09201300e-02 -8.24857280e-02 -8.39595273e-02 -8.53118077e-02
 -8.65093321e-02 -8.75155330e-02 -8.82908478e-02 -8.87931958e-02 -8.89784992e-02
 -8.88012350e-02 -8.82151127e-02 -8.71737748e-02 -8.56316984e-02 -8.35451633e-02
 -8.08732510e-02 -7.75789097e-02 -7.36295506e-02 -6.89977556e-02 -6.36609718e-02
 -5.76012954e-02 -5.08043058e-02 -4.32579704e-02 -3.49510573e-02 -2.58714873e-02
 -1.60045605e-02 -5.33113955e-03  6.17424585e-03  1.85454711e-02  3.18271816e-02
  4.60776612e-02  6.13724813e-02  7.78093785e-02  9.55149457e-02  1.14654161e-01
  1.35444567e-01  1.58178329e-01  1.83256596e-01  2.11209834e-01  2.42039844e-01
  2.68909514e-01  2.87702948e-01  3.04199219e-01  3.10442626e-01  3.13373208e-01
  3.06928098e-01  2.93196172e-01  2.79990017e-01  2.68078238e-01  2.57464051e-01
 -5.67075089e-02 -6.04673773e-02 -6.23737387e-02 -6.31920025e-02 -6.38117269e-02
 -6.45317435e-02 -6.53781965e-02 -6.63194880e-02 -6.73248172e-02 -6.83740154e-02
 -6.94559067e-02 -7.05651119e-02 -7.16987327e-02 -7.28538260e-02 -7.40254968e-02
 -7.52055347e-02 -7.63816312e-02 -7.75367692e-02 -7.86490664e-02 -7.96917304e-02
 -8.06332305e-02 -8.14375877e-02 -8.20647702e-02 -8.24711025e-02 -8.26097131e-02
 -8.24310854e-02 -8.18836540e-02 -8.09147134e-02 -7.94715434e-02 -7.75029212e-02
 -7.49608204e-02 -7.18020126e-02 -6.79901466e-02 -6.34960383e-02 -5.82989193e-02
 -5.23851104e-02 -4.57476564e-02 -3.83839346e-02 -3.02937776e-02 -2.14772765e-02
 -1.19327707e-02 -1.65515475e-03  9.36548039e-03  2.11448632e-02  3.37052569e-02
  4.70758639e-02  6.12927713e-02  7.63980970e-02  9.24374312e-02  1.09453730e-01
  1.27473444e-01  1.46475092e-01  1.66318893e-01  1.86600149e-01  2.06423089e-01
  2.24364847e-01  2.39305839e-01  2.50681341e-01  2.57995248e-01  2.61234760e-01
  2.60532379e-01  2.56715357e-01  2.51147211e-01  2.44849116e-01  2.38427982e-01
 -6.02538735e-02 -6.51727766e-02 -6.40446693e-02 -6.35039210e-02 -6.40095994e-02
 -6.47504181e-02 -6.55125454e-02 -6.62251487e-02 -6.68743029e-02 -6.74720407e-02
 -6.80415630e-02 -6.86081201e-02 -6.91946074e-02 -6.98189810e-02 -7.04927891e-02
 -7.12204129e-02 -7.19986558e-02 -7.28168711e-02 -7.36571923e-02 -7.44948089e-02
 -7.52985999e-02 -7.60316774e-02 -7.66518936e-02 -7.71123022e-02 -7.73614720e-02
 -7.73436725e-02 -7.69991875e-02 -7.62649477e-02 -7.50758946e-02 -7.33671486e-02
 -7.10771009e-02 -6.81516230e-02 -6.45457283e-02 -6.02288134e-02 -5.51826134e-02
 -4.94039245e-02 -4.28992584e-02 -3.56836990e-02 -2.77762134e-02 -1.91962495e-02
 -9.96106584e-03 -8.40828943e-05  1.04257734e-02  2.15638522e-02  3.33287977e-02
  4.57208082e-02  5.87388761e-02  7.23765716e-02  8.66154507e-02  1.01414651e-01
  1.16694681e-01  1.32313162e-01  1.48032561e-01  1.63488209e-01  1.78184673e-01
  1.91567108e-01  2.03115910e-01  2.12418079e-01  2.19259873e-01  2.23583966e-01
  2.25563601e-01  2.25553423e-01  2.24018365e-01  2.21447811e-01  2.18249053e-01
 -5.35113961e-02 -5.73478751e-02 -6.01091757e-02 -6.21731579e-02 -6.38410822e-02
 -6.51132911e-02 -6.59629926e-02 -6.64495006e-02 -6.66707829e-02 -6.67209849e-02
 -6.66810423e-02 -6.66204095e-02 -6.65957406e-02 -6.66502565e-02 -6.68137670e-02
 -6.71033114e-02 -6.75242245e-02 -6.80708140e-02 -6.87271878e-02 -6.94684684e-02
 -7.02615529e-02 -7.10661709e-02 -7.18362480e-02 -7.25204647e-02 -7.30622187e-02
 -7.33988881e-02 -7.34606236e-02 -7.31695592e-02 -7.24403784e-02 -7.11835176e-02
 -6.93112090e-02 -6.67431504e-02 -6.34208769e-02 -5.93042634e-02 -5.43855280e-02
 -4.86761928e-02 -4.22131196e-02 -3.50429118e-02 -2.72166487e-02 -1.87827870e-02
 -9.78303701e-03 -2.51118792e-04  9.78645217e-03  2.03083493e-02  3.12957130e-02
  4.27288860e-02  5.45835383e-02  6.68259561e-02  7.94070885e-02  9.22551379e-02
  1.05266660e-01  1.18297100e-01  1.31153256e-01  1.43592522e-01  1.55334190e-01
  1.66082188e-01  1.75564393e-01  1.83571517e-01  1.89970404e-01  1.94735244e-01
  1.97934255e-01  1.99726716e-01  2.00335294e-01  2.00002491e-01  1.98963568e-01
 -5.02572544e-02 -5.42701483e-02 -5.81687912e-02 -6.19286001e-02 -6.53212667e-02
 -6.72726855e-02 -6.77639842e-02 -6.76204339e-02 -6.70699999e-02 -6.62699789e-02
 -6.53678626e-02 -6.44806176e-02 -6.36982545e-02 -6.30864948e-02 -6.26897365e-02
 -6.25339523e-02 -6.26283959e-02 -6.29685447e-02 -6.35373965e-02 -6.43053055e-02
 -6.52323812e-02 -6.62709400e-02 -6.73678070e-02 -6.84670135e-02 -6.95097819e-02
 -7.04315230e-02 -7.11564571e-02 -7.15911835e-02 -7.16199055e-02 -7.11054355e-02
 -6.99009448e-02 -6.78789318e-02 -6.49303943e-02 -6.10132664e-02 -5.61188199e-02
 -5.03114313e-02 -4.36774381e-02 -3.63315977e-02 -2.83833221e-02 -1.99233256e-02
 -1.10202665e-02 -1.72369275e-03  7.93051161e-03  1.79144945e-02  2.82034148e-02
  3.87710519e-02  4.95857820e-02  6.06066622e-02  7.17795044e-02  8.30329433e-02
  9.42748189e-02  1.05389744e-01  1.16238885e-01  1.26663461e-01  1.36492968e-01
  1.45558700e-01  1.53708473e-01  1.60820976e-01  1.66821688e-01  1.71685681e-01
  1.75442457e-01  1.78167373e-01  1.79970235e-01  1.80982664e-01  1.81342274e-01
 -4.79055159e-02 -5.22769056e-02 -5.70197627e-02 -6.23574257e-02 -6.83627948e-02
 -7.13679940e-02 -7.15076774e-02 -7.02537894e-02 -6.82192594e-02 -6.60542771e-02
 -6.38853684e-02 -6.18622899e-02 -6.01047315e-02 -5.86914048e-02 -5.76676577e-02
 -5.70544228e-02 -5.68589866e-02 -5.70733547e-02 -5.76741397e-02 -5.86252287e-02
 -5.98710515e-02 -6.13404922e-02 -6.29630089e-02 -6.46781474e-02 -6.64363578e-02
 -6.81915954e-02 -6.98876381e-02 -7.14375824e-02 -7.26962388e-02 -7.34375119e-02
 -7.33728707e-02 -7.22070187e-02 -6.97872266e-02 -6.59932122e-02 -6.08839802e-02
 -5.45562319e-02 -4.72804345e-02 -3.93261239e-02 -3.09097283e-02 -2.21688077e-02
 -1.31811053e-02 -3.98887461e-03  5.38390363e-03  1.49207879e-02  2.46062148e-02
  3.44211496e-02  4.43399698e-02  5.43280728e-02  6.43399060e-02  7.43174627e-02
  8.41894150e-02  9.38712955e-02  1.03267051e-01  1.12272449e-01  1.20780349e-01
  1.28687412e-01  1.35902032e-01  1.42351970e-01  1.47989556e-01  1.52796194e-01
  1.56782061e-01  1.59984216e-01  1.62461683e-01  1.64288446e-01  1.65546745e-01
 -4.51835729e-02 -4.95549962e-02 -5.44590764e-02 -6.01804145e-02 -6.72032386e-02
 -7.15993196e-02 -7.39451647e-02 -7.26591870e-02 -6.98943511e-02 -6.57035261e-02
 -6.16202429e-02 -5.80871366e-02 -5.51266111e-02 -5.27958460e-02 -5.11125028e-02
 -5.00550941e-02 -4.96300384e-02 -4.98260148e-02 -5.06104343e-02 -5.19680642e-02
 -5.38161807e-02 -5.59919514e-02 -5.83598427e-02 -6.08573928e-02 -6.34753257e-02
 -6.62335530e-02 -6.91634417e-02 -7.22863898e-02 -7.55621418e-02 -7.87064955e-02
 -8.07912350e-02 -8.10559914e-02 -7.93880075e-02 -7.55828843e-02 -6.97332844e-02
 -6.18594661e-02 -5.27701974e-02 -4.34088446e-02 -3.40661742e-02 -2.47970615e-02
 -1.55932000e-02 -6.43108832e-03  2.71214568e-03  1.18529107e-02  2.09989343e-02
  3.01484112e-02  3.92896570e-02  4.84009460e-02  5.74504994e-02  6.63966909e-02
  7.51886070e-02  8.37671682e-02  9.20669809e-02  1.00018948e-01  1.07553691e-01
  1.14605576e-01  1.21116772e-01  1.27041116e-01  1.32347345e-01  1.37020782e-01
  1.41064003e-01  1.44495696e-01  1.47348389e-01  1.49665385e-01  1.51497245e-01
 -4.16954197e-02 -4.55914438e-02 -4.98265289e-02 -5.44490740e-02 -5.93591854e-02
 -6.41486943e-02 -6.97422102e-02 -6.95349649e-02 -6.85588270e-02 -6.27195835e-02
 -5.71269803e-02 -5.21438420e-02 -4.75564785e-02 -4.42895927e-02 -4.23940122e-02
 -4.06429768e-02 -4.00708951e-02 -4.06856388e-02 -4.13876027e-02 -4.34770063e-02
 -4.68497239e-02 -5.02342694e-02 -5.35269827e-02 -5.68110943e-02 -6.02018535e-02
 -6.38357922e-02 -6.78839758e-02 -7.25802183e-02 -7.82806873e-02 -8.56790170e-02
 -9.39590260e-02 -9.28116739e-02 -9.58174020e-02 -8.81102830e-02 -8.50582272e-02
 -7.06852153e-02 -5.79446554e-02 -4.67336141e-02 -3.64287794e-02 -2.67174598e-02
 -1.74065083e-02 -8.36950541e-03  4.77273396e-04  9.18804482e-03  1.77953932e-02
  2.63151806e-02  3.47497091e-02  4.30898853e-02  5.13167940e-02  5.94030358e-02
  6.73140362e-02  7.50095025e-02  8.24451521e-02  8.95747170e-02  9.63522419e-02
  1.02734499e-01  1.08683430e-01  1.14168406e-01  1.19167820e-01  1.23670369e-01
  1.27675235e-01  1.31191835e-01  1.34238720e-01  1.36841938e-01  1.39033228e-01
 -3.76571901e-02 -4.08641882e-02 -4.41909432e-02 -4.75907288e-02 -5.09621277e-02
 -5.42396531e-02 -5.71857095e-02 -5.93285635e-02 -6.24615476e-02 -5.53839058e-02
 -5.03097884e-02 -4.51393984e-02 -3.90993543e-02 -3.52895707e-02 -3.45126688e-02
 -3.15780416e-02 -3.09899300e-02 -3.28485370e-02 -3.24007906e-02 -3.52671668e-02
 -4.07562368e-02 -4.51160036e-02 -4.89599369e-02 -5.26206680e-02 -5.63267134e-02
 -6.02805093e-02 -6.47087991e-02 -6.99120760e-02 -7.63297528e-02 -8.45907331e-02
 -9.25562009e-02 -9.31921080e-02 -9.49891135e-02 -8.90246704e-02 -8.43557641e-02
 -7.11347684e-02 -5.80026023e-02 -4.65919077e-02 -3.63306478e-02 -2.68333070e-02
 -1.78552382e-02 -9.23938025e-03 -8.83763831e-04  7.27734575e-03  1.52846277e-02
  2.31605787e-02  3.09139118e-02  3.85424979e-02  4.60354984e-02  5.33750206e-02
  6.05375655e-02  6.74954429e-02  7.42182136e-02  8.06741640e-02  8.68319422e-02
  9.26621109e-02  9.81386676e-02  1.03240281e-01  1.07951559e-01  1.12263493e-01
  1.16173968e-01  1.19687513e-01  1.22814722e-01  1.25571638e-01  1.27978563e-01
  1.02036870e+00  1.03619599e+00  1.04757679e+00  1.06087017e+00  1.07497239e+00
  1.08928812e+00  1.10545063e+00  1.12026608e+00  1.13560581e+00  1.15154731e+00
  1.16804302e+00  1.18510211e+00  1.20236599e+00  1.22042370e+00  1.23891735e+00
  1.25800109e+00  1.27749825e+00  1.29775512e+00  1.31858492e+00  1.33994532e+00
  1.36199856e+00  1.38476014e+00  1.40822351e+00  1.43237042e+00  1.45725930e+00
  1.48301947e+00  1.50954711e+00  1.53693557e+00  1.56521618e+00  1.59445024e+00
  1.62466955e+00  1.65591633e+00  1.68823791e+00  1.72167909e+00  1.75630736e+00
  1.79214478e+00  1.82938540e+00  1.86795831e+00  1.90795994e+00  1.94946325e+00
  1.99269366e+00  2.03763461e+00  2.08430696e+00  2.13290048e+00  2.18376780e+00
  2.23675227e+00  2.29189038e+00  2.34981585e+00  2.41059780e+00  2.47403359e+00
  2.54086232e+00  2.61136913e+00  2.68563557e+00  2.76456213e+00  2.84866023e+00
  2.93790746e+00  3.03514075e+00  3.13943267e+00  3.25486875e+00  3.38207483e+00
  3.52831602e+00  3.69617295e+00  3.90830779e+00  4.22669649e+00  5.70207644e+00
   90   89
  1.07000768e+00  0.00000000e+00  1.06909657e+00  1.00000001e-01  1.07291889e+00
  2.00000003e-01  1.07906246e+00  2.71595687e-01  1.08877575e+00  3.49999994e-01
  1.10562503e+00  4.40104306e-01  1.11997557e+00  5.00000000e-01  1.13466966e+00
  5.50000012e-01  1.15875006e+00  6.20856345e-01  1.18531251e+00  6.85607672e-01
  1.21187496e+00  7.41079390e-01  1.23843753e+00  7.89007246e-01  1.26499999e+00
  8.30177665e-01  1.29156256e+00  8.64961267e-01  1.32506835e+00  8.99999976e-01
  1.37125003e+00  9.38118637e-01  1.39781249e+00  9.54973519e-01  1.45093751e+00
  9.77723360e-01  1.50406253e+00  9.88865972e-01  1.55718756e+00  9.90871072e-01
  1.61031246e+00  9.84540582e-01  1.66343749e+00  9.69708681e-01  1.70613027e+00
  9.49999988e-01  1.74312496e+00  9.30635214e-01  1.78932238e+00  8.99999976e-01
  1.82281256e+00  8.76269460e-01  1.85503471e+00  8.50000024e-01  1.90250003e+00
  8.08268428e-01  1.92906249e+00  7.82496452e-01  1.96077228e+00  7.50000000e-01
  2.00532341e+00  6.99999988e-01  2.03531241e+00  6.64421856e-01  2.06187510e+00
  6.29608333e-01  2.08843756e+00  5.91863275e-01  2.11583281e+00  5.50000012e-01
  2.14407730e+00  5.00000000e-01  2.16873503e+00  4.49999988e-01  2.19468760e+00
  3.87973309e-01  2.22125006e+00  3.16240728e-01  2.24160743e+00  2.50000000e-01
  2.25463343e+00  2.00000003e-01  2.27098942e+00  1.00000001e-01  2.27460670e+00
  5.00000007e-02  2.27328682e+00  0.00000000e+00  2.26064277e+00 -1.00000001e-01
  2.24781251e+00 -1.54033825e-01  2.22125006e+00 -2.34735236e-01  2.19609070e+00
 -3.00000012e-01  2.17354918e+00 -3.49999994e-01  2.14857697e+00 -4.00000006e-01
  2.12100291e+00 -4.49999988e-01  2.09047604e+00 -5.00000000e-01  2.06187510e+00
 -5.41817605e-01  2.03531241e+00 -5.78845024e-01  2.00874996e+00 -6.13816440e-01
  1.97913361e+00 -6.49999976e-01  1.93733418e+00 -6.99999988e-01  1.90250003e+00
 -7.39704728e-01  1.87593746e+00 -7.69610882e-01  1.84744036e+00 -8.00000012e-01
  1.80197358e+00 -8.50000024e-01  1.76968753e+00 -8.85045290e-01  1.74312496e+00
 -9.13586318e-01  1.70719385e+00 -9.49999988e-01  1.66343749e+00 -9.96499538e-01
  1.63687503e+00 -1.02645373e+00  1.61031246e+00 -1.05480671e+00  1.56582057e+00
 -1.10000002e+00  1.53062499e+00 -1.13888919e+00  1.50406253e+00 -1.17111850e+00
  1.45612741e+00 -1.20263350e+00  1.42437506e+00 -1.14921582e+00  1.39781249e+00
 -1.09668803e+00  1.37125003e+00 -1.04178166e+00  1.34468746e+00 -9.84399617e-01
  1.31812501e+00 -9.24397707e-01  1.29156256e+00 -8.61465216e-01  1.26727200e+00
 -8.00000012e-01  1.24701202e+00 -7.50000000e-01  1.22703326e+00 -6.99999988e-01
  1.20768428e+00 -6.49999976e-01  1.18531251e+00 -5.88268101e-01  1.15875006e+00
 -5.10654926e-01  1.14043272e+00 -4.49999988e-01  1.12664509e+00 -4.00000006e-01
  1.10562503e+00 -3.07770550e-01  1.09504664e+00 -2.50000000e-01  1.08144999e+00
 -1.50000006e-01  1.07613099e+00 -1.00000001e-01  1.07000768e+00  0.00000000e+00
  1.01600003e+00  0.00000000e+00  1.01600003e+00  9.63999987e-01  1.01800001e+00
  9.67999995e-01  1.01800001e+00  1.00100005e+00  1.01800001e+00  1.01900005e+00
  1.01800001e+00  1.07700002e+00  1.01800001e+00  1.07000005e+00  1.01800001e+00
  1.09599996e+00  1.01800001e+00  1.11300004e+00  1.01800001e+00  1.13800001e+00
  1.01300001e+00  1.14699996e+00  1.01199996e+00  1.16499996e+00  1.00100005e+00
  1.21700001e+00  1.02900004e+00  1.21700001e+00  1.04200006e+00  1.16240001e+00
  1.04600000e+00  1.16237998e+00  1.05599999e+00  1.16390002e+00  1.09700000e+00
  1.16594005e+00  1.10800004e+00  1.16594005e+00  1.11600006e+00  1.16591001e+00
  1.13399994e+00  1.16895998e+00  1.14800000e+00  1.17174995e+00  1.16199994e+00
  1.17556000e+00  1.17999995e+00  1.18400002e+00  1.18400002e+00  1.18368995e+00
  1.18499994e+00  1.18499994e+00  1.19000006e+00  1.18900001e+00  1.19500005e+00
  1.19099998e+00  1.20099998e+00  1.19599998e+00  1.20899999e+00  1.20200002e+00
  1.21500003e+00  1.20799994e+00  1.22200000e+00  1.21399999e+00  1.22800004e+00
  1.22099996e+00  1.23399997e+00  1.23099995e+00  1.23500001e+00  1.23099995e+00
  1.23899996e+00  1.24399996e+00  1.24800003e+00  1.25399995e+00  1.25699997e+00
  1.27800000e+00  1.26199996e+00  1.28999996e+00  1.27999997e+00  1.33099997e+00
  1.27999997e+00  1.34700000e+00  1.27999997e+00  1.34800005e+00  1.30999994e+00
  1.34800005e+00  1.32799995e+00  1.34800005e+00  1.36099994e+00  1.34800005e+00
  1.38000000e+00  1.34800005e+00  1.41900003e+00  1.34800005e+00  1.41900003e+00
  1.30999994e+00  1.37199998e+00  1.30999994e+00  1.37199998e+00  1.29200006e+00
  1.60800004e+00  1.09500003e+00  1.64699996e+00  1.07700002e+00  1.78499997e+00
  1.07700002e+00  2.06999993e+00  1.03999996e+00  2.12800002e+00  9.92999971e-01
  2.24499989e+00  7.08999991e-01  2.32299995e+00  5.18999994e-01  2.37700009e+00
  3.88999999e-01  2.35200000e+00  4.00000006e-01  2.35100007e+00  3.37000012e-01
  2.35100007e+00  2.04999998e-01  2.35400009e+00  6.80000037e-02  2.35400009e+00
  0.00000000e+00  2.35400009e+00 -6.80000037e-02  2.35299993e+00 -2.04999998e-01
  2.35100007e+00 -3.37000012e-01  2.35299993e+00 -3.99899989e-01  2.37700009e+00
 -3.88999999e-01  2.13400006e+00 -9.72999990e-01  1.78600001e+00 -1.17400002e+00
  1.76800001e+00 -1.21099997e+00  1.76800001e+00 -1.25399995e+00  1.68200004e+00
 -1.25399995e+00  1.67400002e+00 -1.26199996e+00  1.67400002e+00 -1.32900000e+00
  1.68099999e+00 -1.33899999e+00  1.75399995e+00 -1.33899999e+00  1.75399995e+00
 -1.36800003e+00  1.68900001e+00 -1.36800003e+00  1.68900001e+00 -1.36600006e+00
  1.55499995e+00 -1.36600006e+00  1.41199994e+00 -1.36600006e+00  1.27300000e+00
 -1.36600006e+00  1.15300000e+00 -1.36600006e+00  1.01600003e+00 -1.22899997e+00
  1.01600003e+00 -8.00000012e-01  1.01600003e+00 -4.14999992e-01  1.01600003e+00
 -4.00000006e-01  1.01600003e+00  0.00000000e+00
    0 0.000000000e+00    0
  0.00000000e+00  9.03547779e-02  1.28450170e-01  1.57923087e-01  1.82975590e-01
  2.05312952e-01  2.24393234e-01  2.43465021e-01  2.61428297e-01  2.78376341e-01
  2.94667900e-01  3.10274959e-01  3.25326145e-01  3.39997321e-01  3.54190767e-01
  3.68081421e-01  3.81671250e-01  3.94985408e-01  4.08069670e-01  4.20969158e-01
  4.33643073e-01  4.46197957e-01  4.58597869e-01  4.70872521e-01  4.83038753e-01
  4.95112479e-01  5.07110119e-01  5.19043386e-01  5.30905008e-01  5.42722583e-01
  5.54509461e-01  5.66278994e-01  5.78011990e-01  5.89736104e-01  6.01466119e-01
  6.13199353e-01  6.24955237e-01  6.36723340e-01  6.48520887e-01  6.60354435e-01
  6.72240019e-01  6.84177756e-01  6.96166992e-01  7.08222270e-01  7.20365882e-01
  7.32589304e-01  7.44886041e-01  7.57289112e-01  7.69818723e-01  7.82452881e-01
  7.95215309e-01  8.08118224e-01  8.21173847e-01  8.34393144e-01  8.47800434e-01
  8.61370862e-01  8.75203311e-01  8.89226735e-01  9.03554916e-01  9.18154001e-01
  9.33162093e-01  9.48531568e-01  9.64504659e-01  9.81279910e-01  1.00000000e+00
    0
